0 20
1 7
2 5
3 23
4 4
5 20
6 7
7 3
8 8
9 4
10 10
11 21
12 7
13 38
14 7
15 4
16 23
17 7
18 23
19 20
20 7
21 23
22 7
23 18
24 2
25 7
26 10
27 0
28 7
29 18
30 8
31 0
32 17
33 7
34 7
35 0
36 0
37 3
38 35
39 7
40 18
41 4
42 4
43 7
44 1
45 14
46 18
47 1
48 18
49 22
50 18
51 24
52 22
53 18
54 7
55 5
56 7
57 7
58 31
59 28
60 10
61 22
62 16
63 10
64 23
65 8
66 29
67 16
68 2
69 23
70 23
71 23
72 20
73 1
74 17
75 26
76 1
77 15
78 16
79 23
80 22
81 4
82 34
83 0
84 15
85 2
86 5
87 22
88 16
89 9
90 9
91 8
92 15
93 6
94 18
95 5
96 20
97 18
98 23
99 35
100 3
101 23
102 35
103 9
104 16
105 3
106 30
107 10
108 29
109 7
110 23
111 21
112 10
113 15
114 30
115 10
116 33
117 7
118 2
119 7
120 2
121 22
122 1
123 1
124 23
125 1
126 6
127 8
128 0
129 22
130 3
131 18
132 26
133 20
134 18
135 2
136 20
137 0
138 21
139 2
140 1
141 8
142 3
143 9
144 18
145 3
146 29
147 17
148 3
149 9
150 17
151 32
152 23
153 23
154 7
155 3
156 7
157 7
158 25
159 6
160 28
161 2
162 25
163 10
164 5
165 1
166 2
167 24
168 0
169 13
170 19
171 0
172 25
173 9
174 8
175 17
176 21
177 4
178 10
179 25
180 6
181 7
182 7
183 7
184 16
185 25
186 17
187 10
188 17
189 17
190 7
191 16
192 21
193 16
194 10
195 2
196 25
197 22
198 19
199 23
200 21
201 7
202 30
203 35
204 20
205 26
206 18
207 1
208 25
209 7
210 33
211 15
212 1
213 29
214 7
215 31
216 23
217 0
218 4
219 4
220 33
221 7
222 23
223 7
224 1
225 7
226 16
227 7
228 9
229 25
230 23
231 17
232 7
233 33
234 16
235 7
236 16
237 16
238 29
239 2
240 26
241 7
242 6
243 20
244 10
245 29
246 29
247 16
248 8
249 7
250 23
251 18
252 20
253 7
254 4
255 29
256 10
257 19
258 20
259 35
260 20
261 10
262 5
263 7
264 17
265 1
266 5
267 7
268 2
269 18
270 19
271 2
272 6
273 1
274 7
275 0
276 7
277 9
278 21
279 18
280 5
281 4
282 33
283 23
284 29
285 19
286 1
287 4
288 20
289 19
290 5
291 19
292 21
293 23
294 24
295 16
296 18
297 4
298 23
299 24
300 23
301 1
302 16
303 1
304 1
305 29
306 7
307 22
308 7
309 16
310 1
311 4
312 19
313 7
314 18
315 0
316 2
317 0
318 4
319 33
320 22
321 1
322 19
323 8
324 29
325 7
326 19
327 16
328 1
329 5
330 4
331 16
332 1
333 16
334 29
335 7
336 1
337 24
338 1
339 15
340 7
341 23
342 17
343 25
344 0
345 1
346 23
347 16
348 1
349 16
350 4
351 16
352 23
353 29
354 18
355 4
356 8
357 23
358 0
359 29
360 7
361 1
362 25
363 4
364 7
365 29
366 10
367 7
368 10
369 15
370 3
371 10
372 7
373 10
374 1
375 4
376 1
377 25
378 25
379 5
380 25
381 10
382 17
383 31
384 1
385 6
386 8
387 4
388 8
389 29
390 0
391 16
392 7
393 0
394 29
395 10
396 1
397 7
398 29
399 25
400 4
401 26
402 22
403 15
404 1
405 4
406 7
407 7
408 6
409 16
410 2
411 17
412 23
413 18
414 9
415 16
416 10
417 16
418 7
419 7
420 18
421 19
422 30
423 1
424 15
425 6
426 1
427 23
428 0
429 10
430 16
431 7
432 7
433 34
434 18
435 18
436 16
437 8
438 10
439 18
440 20
441 7
442 5
443 19
444 2
445 18
446 33
447 8
448 18
449 31
450 23
451 2
452 4
453 6
454 22
455 22
456 1
457 18
458 31
459 2
460 18
461 3
462 1
463 6
464 25
465 17
466 15
467 16
468 8
469 4
470 16
471 4
472 1
473 10
474 17
475 16
476 23
477 5
478 1
479 23
480 25
481 2
482 16
483 23
484 15
485 4
486 20
487 3
488 10
489 6
490 1
491 18
492 19
493 15
494 7
495 2
496 4
497 1
498 7
499 15
500 7
501 1
502 23
503 11
504 2
505 0
506 1
507 9
508 4
509 18
510 19
511 19
512 22
513 4
514 17
515 29
516 7
517 4
518 21
519 7
520 17
521 16
522 29
523 7
524 10
525 10
526 1
527 19
528 1
529 16
530 7
531 1
532 22
533 26
534 18
535 8
536 25
537 6
538 1
539 18
540 29
541 23
542 1
543 18
544 34
545 10
546 7
547 7
548 2
549 16
550 25
551 8
552 5
553 17
554 7
555 18
556 25
557 5
558 21
559 1
560 23
561 5
562 19
563 9
564 35
565 0
566 6
567 16
568 7
569 26
570 9
571 6
572 6
573 23
574 18
575 9
576 6
577 7
578 26
579 16
580 17
581 25
582 7
583 19
584 18
585 1
586 16
587 7
588 19
589 25
590 9
591 0
592 14
593 1
594 0
595 24
596 10
597 25
598 21
599 6
600 1
601 7
602 10
603 18
604 5
605 16
606 31
607 21
608 29
609 7
610 5
611 16
612 26
613 25
614 1
615 1
616 18
617 16
618 3
619 7
620 0
621 7
622 4
623 1
624 9
625 5
626 10
627 0
628 21
629 30
630 7
631 9
632 4
633 16
634 29
635 29
636 6
637 1
638 23
639 29
640 17
641 2
642 30
643 4
644 31
645 3
646 18
647 1
648 31
649 29
650 4
651 28
652 23
653 8
654 5
655 16
656 1
657 7
658 31
659 2
660 23
661 6
662 23
663 26
664 9
665 29
666 16
667 18
668 1
669 23
670 16
671 23
672 7
673 7
674 15
675 23
676 1
677 18
678 2
679 22
680 1
681 9
682 8
683 7
684 7
685 10
686 25
687 4
688 10
689 16
690 38
691 21
692 9
693 16
694 6
695 10
696 1
697 4
698 23
699 7
700 1
701 15
702 7
703 18
704 21
705 23
706 5
707 3
708 29
709 4
710 2
711 30
712 16
713 25
714 2
715 10
716 2
717 34
718 9
719 23
720 7
721 25
722 8
723 1
724 20
725 17
726 29
727 0
728 1
729 7
730 7
731 4
732 31
733 16
734 17
735 16
736 4
737 23
738 5
739 7
740 6
741 0
742 16
743 2
744 18
745 7
746 6
747 19
748 0
749 6
750 2
751 16
752 9
753 18
754 4
755 6
756 25
757 7
758 2
759 5
760 7
761 4
762 1
763 13
764 10
765 3
766 8
767 18
768 9
769 17
770 22
771 3
772 1
773 7
774 1
775 25
776 18
777 23
778 1
779 18
780 18
781 22
782 15
783 10
784 29
785 25
786 5
787 19
788 29
789 23
790 8
791 16
792 16
793 8
794 23
795 9
796 0
797 1
798 1
799 7
800 17
801 8
802 0
803 22
804 33
805 6
806 7
807 5
808 13
809 21
810 1
811 24
812 20
813 1
814 9
815 22
816 27
817 18
818 21
819 7
820 8
821 6
822 2
823 6
824 15
825 7
826 1
827 4
828 7
829 9
830 0
831 16
832 5
833 14
834 2
835 21
836 3
837 17
838 6
839 11
840 1
841 8
842 25
843 23
844 15
845 25
846 18
847 16
848 1
849 7
850 27
851 8
852 17
853 20
854 7
855 1
856 21
857 25
858 5
859 23
860 33
861 4
862 17
863 31
864 34
865 26
866 10
867 1
868 7
869 4
870 7
871 29
872 34
873 6
874 9
875 10
876 25
877 8
878 9
879 8
880 31
881 23
882 17
883 7
884 10
885 1
886 18
887 20
888 31
889 1
890 2
891 28
892 19
893 9
894 16
895 0
896 34
897 31
898 7
899 10
900 0
901 7
902 1
903 0
904 31
905 1
906 8
907 9
908 6
909 10
910 18
911 0
912 25
913 32
914 9
915 9
916 32
917 25
918 18
919 27
920 1
921 9
922 17
923 2
924 1
925 1
926 1
927 19
928 5
929 7
930 4
931 5
932 25
933 7
934 6
935 5
936 9
937 19
938 4
939 1
940 11
941 18
942 2
943 33
944 22
945 33
946 7
947 4
948 25
949 18
950 23
951 3
952 13
953 23
954 13
955 4
956 2
957 20
958 3
959 7
960 1
961 25
962 23
963 9
964 1
965 25
966 4
967 23
968 16
969 1
970 2
971 1
972 29
973 22
974 4
975 14
976 7
977 18
978 1
979 9
980 7
981 23
982 1
983 5
984 7
985 18
986 32
987 16
988 25
989 1
990 4
991 10
992 3
993 23
994 7
995 9
996 24
997 33
998 16
999 25
1000 23
1001 13
1002 5
1003 31
1004 2
1005 4
1006 19
1007 7
1008 5
1009 1
1010 22
1011 4
1012 4
1013 16
1014 8
1015 18
1016 4
1017 0
1018 7
1019 1
1020 9
1021 7
1022 33
1023 4
1024 1
1025 1
1026 16
1027 6
1028 13
1029 9
1030 10
1031 6
1032 0
1033 4
1034 7
1035 1
1036 1
1037 10
1038 2
1039 6
1040 3
1041 24
1042 1
1043 18
1044 22
1045 6
1046 30
1047 19
1048 20
1049 27
1050 4
1051 19
1052 36
1053 2
1054 4
1055 4
1056 4
1057 7
1058 5
1059 7
1060 22
1061 35
1062 25
1063 21
1064 7
1065 2
1066 29
1067 19
1068 22
1069 3
1070 4
1071 16
1072 18
1073 4
1074 23
1075 1
1076 2
1077 9
1078 0
1079 18
1080 2
1081 9
1082 8
1083 12
1084 10
1085 2
1086 17
1087 16
1088 19
1089 4
1090 28
1091 10
1092 16
1093 9
1094 5
1095 6
1096 1
1097 13
1098 7
1099 4
1100 5
1101 7
1102 4
1103 20
1104 7
1105 23
1106 21
1107 1
1108 26
1109 1
1110 20
1111 6
1112 19
1113 25
1114 5
1115 29
1116 22
1117 7
1118 7
1119 13
1120 23
1121 1
1122 23
1123 18
1124 10
1125 1
1126 10
1127 7
1128 1
1129 18
1130 28
1131 4
1132 32
1133 10
1134 21
1135 7
1136 1
1137 18
1138 1
1139 21
1140 19
1141 23
1142 2
1143 4
1144 16
1145 10
1146 16
1147 26
1148 7
1149 2
1150 7
1151 10
1152 1
1153 1
1154 7
1155 0
1156 4
1157 2
1158 33
1159 18
1160 4
1161 7
1162 7
1163 2
1164 25
1165 1
1166 5
1167 25
1168 10
1169 4
1170 22
1171 27
1172 9
1173 5
1174 7
1175 17
1176 29
1177 6
1178 0
1179 3
1180 25
1181 23
1182 7
1183 7
1184 7
1185 7
1186 24
1187 32
1188 4
1189 7
1190 4
1191 7
1192 21
1193 21
1194 23
1195 10
1196 4
1197 1
1198 2
1199 2
1200 17
1201 10
1202 1
1203 1
1204 13
1205 20
1206 29
1207 3
1208 10
1209 7
1210 1
1211 6
1212 25
1213 23
1214 1
1215 25
1216 7
1217 1
1218 1
1219 1
1220 4
1221 34
1222 7
1223 2
1224 1
1225 23
1226 19
1227 7
1228 10
1229 5
1230 7
1231 2
1232 17
1233 7
1234 9
1235 10
1236 4
1237 1
1238 5
1239 18
1240 19
1241 26
1242 24
1243 16
1244 8
1245 13
1246 29
1247 1
1248 4
1249 34
1250 22
1251 25
1252 5
1253 29
1254 9
1255 4
1256 19
1257 10
1258 3
1259 13
1260 4
1261 8
1262 18
1263 16
1264 16
1265 18
1266 1
1267 23
1268 5
1269 3
1270 8
1271 4
1272 8
1273 29
1274 10
1275 30
1276 18
1277 9
1278 22
1279 18
1280 4
1281 9
1282 2
1283 7
1284 7
1285 17
1286 33
1287 5
1288 18
1289 23
1290 19
1291 1
1292 7
1293 25
1294 2
1295 16
1296 19
1297 7
1298 2
1299 5
1300 31
1301 9
1302 2
1303 1
1304 21
1305 6
1306 2
1307 8
1308 9
1309 29
1310 18
1311 7
1312 8
1313 13
1314 30
1315 23
1316 7
1317 7
1318 16
1319 2
1320 20
1321 17
1322 23
1323 10
1324 16
1325 1
1326 7
1327 23
1328 20
1329 7
1330 23
1331 10
1332 4
1333 5
1334 7
1335 32
1336 21
1337 31
1338 22
1339 21
1340 15
1341 5
1342 19
1343 38
1344 19
1345 16
1346 10
1347 5
1348 2
1349 4
1350 22
1351 10
1352 5
1353 4
1354 4
1355 23
1356 31
1357 18
1358 18
1359 16
1360 23
1361 19
1362 7
1363 8
1364 7
1365 4
1366 24
1367 23
1368 9
1369 22
1370 23
1371 25
1372 4
1373 18
1374 16
1375 5
1376 2
1377 29
1378 34
1379 1
1380 7
1381 16
1382 18
1383 7
1384 17
1385 18
1386 1
1387 16
1388 8
1389 18
1390 23
1391 24
1392 1
1393 1
1394 18
1395 13
1396 0
1397 8
1398 25
1399 8
1400 23
1401 7
1402 16
1403 7
1404 4
1405 29
1406 25
1407 2
1408 25
1409 18
1410 29
1411 9
1412 6
1413 7
1414 1
1415 8
1416 2
1417 15
1418 20
1419 2
1420 23
1421 23
1422 7
1423 29
1424 16
1425 8
1426 1
1427 1
1428 1
1429 2
1430 2
1431 1
1432 1
1433 8
1434 18
1435 10
1436 9
1437 7
1438 0
1439 1
1440 26
1441 4
1442 31
1443 5
1444 2
1445 18
1446 7
1447 7
1448 7
1449 20
1450 7
1451 10
1452 3
1453 1
1454 17
1455 23
1456 23
1457 19
1458 17
1459 19
1460 1
1461 29
1462 13
1463 18
1464 38
1465 7
1466 23
1467 5
1468 4
1469 10
1470 17
1471 18
1472 8
1473 2
1474 30
1475 18
1476 3
1477 6
1478 7
1479 4
1480 1
1481 1
1482 10
1483 8
1484 29
1485 4
1486 10
1487 1
1488 8
1489 4
1490 9
1491 7
1492 29
1493 2
1494 7
1495 6
1496 18
1497 7
1498 23
1499 31
1500 7
1501 22
1502 10
1503 21
1504 5
1505 6
1506 23
1507 23
1508 18
1509 1
1510 3
1511 18
1512 8
1513 4
1514 4
1515 6
1516 20
1517 1
1518 31
1519 8
1520 9
1521 8
1522 5
1523 18
1524 6
1525 7
1526 31
1527 7
1528 3
1529 22
1530 18
1531 29
1532 6
1533 1
1534 23
1535 4
1536 30
1537 0
1538 33
1539 7
1540 22
1541 34
1542 4
1543 8
1544 29
1545 1
1546 9
1547 10
1548 4
1549 34
1550 10
1551 9
1552 31
1553 6
1554 33
1555 9
1556 25
1557 7
1558 7
1559 31
1560 7
1561 7
1562 21
1563 22
1564 18
1565 21
1566 30
1567 10
1568 4
1569 22
1570 8
1571 15
1572 5
1573 9
1574 8
1575 21
1576 8
1577 2
1578 34
1579 8
1580 22
1581 29
1582 1
1583 2
1584 25
1585 4
1586 1
1587 2
1588 14
1589 16
1590 7
1591 4
1592 3
1593 13
1594 25
1595 7
1596 7
1597 25
1598 29
1599 21
1600 8
1601 7
1602 7
1603 2
1604 19
1605 21
1606 6
1607 1
1608 7
1609 16
1610 7
1611 1
1612 34
1613 10
1614 12
1615 23
1616 22
1617 31
1618 22
1619 7
1620 22
1621 6
1622 16
1623 4
1624 30
1625 16
1626 1
1627 31
1628 7
1629 10
1630 9
1631 7
1632 8
1633 7
1634 2
1635 8
1636 0
1637 4
1638 1
1639 9
1640 9
1641 8
1642 2
1643 0
1644 16
1645 7
1646 0
1647 4
1648 18
1649 6
1650 29
1651 6
1652 9
1653 20
1654 20
1655 7
1656 23
1657 31
1658 19
1659 7
1660 7
1661 7
1662 18
1663 0
1664 23
1665 4
1666 22
1667 4
1668 1
1669 20
1670 7
1671 29
1672 13
1673 1
1674 4
1675 1
1676 17
1677 9
1678 31
1679 9
1680 2
1681 20
1682 18
1683 2
1684 3
1685 2
1686 8
1687 4
1688 4
1689 22
1690 17
1691 21
1692 31
1693 6
1694 7
1695 29
1696 1
1697 7
1698 10
1699 1
1700 4
1701 17
1702 23
1703 4
1704 23
1705 19
1706 1
1707 7
1708 7
1709 29
1710 29
1711 23
1712 7
1713 22
1714 23
1715 2
1716 17
1717 2
1718 17
1719 2
1720 4
1721 20
1722 7
1723 2
1724 1
1725 4
1726 19
1727 7
1728 3
1729 26
1730 1
1731 9
1732 2
1733 21
1734 2
1735 16
1736 20
1737 23
1738 7
1739 1
1740 7
1741 15
1742 29
1743 17
1744 8
1745 6
1746 6
1747 1
1748 19
1749 8
1750 1
1751 7
1752 29
1753 23
1754 31
1755 23
1756 7
1757 18
1758 5
1759 26
1760 7
1761 36
1762 31
1763 1
1764 17
1765 7
1766 19
1767 4
1768 8
1769 7
1770 2
1771 26
1772 2
1773 15
1774 7
1775 19
1776 21
1777 29
1778 7
1779 23
1780 31
1781 21
1782 23
1783 25
1784 7
1785 7
1786 0
1787 15
1788 8
1789 18
1790 12
1791 30
1792 2
1793 13
1794 18
1795 20
1796 18
1797 7
1798 17
1799 7
1800 25
1801 26
1802 4
1803 1
1804 13
1805 23
1806 9
1807 19
1808 7
1809 2
1810 1
1811 23
1812 22
1813 23
1814 17
1815 1
1816 9
1817 26
1818 26
1819 8
1820 7
1821 6
1822 4
1823 23
1824 10
1825 1
1826 10
1827 9
1828 18
1829 7
1830 16
1831 1
1832 4
1833 7
1834 6
1835 23
1836 10
1837 20
1838 1
1839 31
1840 20
1841 4
1842 1
1843 7
1844 7
1845 29
1846 10
1847 7
1848 4
1849 19
1850 36
1851 1
1852 7
1853 7
1854 29
1855 1
1856 29
1857 19
1858 18
1859 4
1860 16
1861 9
1862 9
1863 2
1864 29
1865 36
1866 16
1867 3
1868 34
1869 5
1870 10
1871 23
1872 23
1873 1
1874 31
1875 16
1876 4
1877 10
1878 7
1879 23
1880 4
1881 29
1882 4
1883 29
1884 7
1885 31
1886 8
1887 25
1888 7
1889 4
1890 26
1891 34
1892 18
1893 10
1894 22
1895 4
1896 16
1897 1
1898 5
1899 4
1900 8
1901 10
1902 26
1903 9
1904 23
1905 31
1906 23
1907 22
1908 25
1909 7
1910 5
1911 25
1912 1
1913 1
1914 4
1915 7
1916 21
1917 2
1918 7
1919 20
1920 6
1921 16
1922 6
1923 1
1924 7
1925 7
1926 23
1927 29
1928 28
1929 23
1930 8
1931 6
1932 16
1933 10
1934 9
1935 16
1936 23
1937 20
1938 28
1939 31
1940 20
1941 9
1942 7
1943 2
1944 7
1945 22
1946 7
1947 10
1948 16
1949 7
1950 22
1951 4
1952 21
1953 23
1954 7
1955 7
1956 25
1957 19
1958 23
1959 7
1960 20
1961 35
1962 11
1963 7
1964 17
1965 23
1966 10
1967 17
1968 23
1969 15
1970 3
1971 4
1972 17
1973 5
1974 7
1975 7
1976 16
1977 1
1978 11
1979 1
1980 7
1981 6
1982 7
1983 28
1984 10
1985 9
1986 6
1987 26
1988 31
1989 1
1990 10
1991 31
1992 31
1993 7
1994 4
1995 5
1996 2
1997 19
1998 1
1999 18
2000 6
2001 7
2002 10
2003 0
2004 27
2005 17
2006 15
2007 6
2008 8
2009 4
2010 13
2011 23
2012 4
2013 2
2014 3
2015 6
2016 1
2017 9
2018 17
2019 9
2020 8
2021 7
2022 7
2023 2
2024 16
2025 6
2026 16
2027 4
2028 9
2029 29
2030 8
2031 4
2032 5
2033 19
2034 4
2035 23
2036 9
2037 4
2038 26
2039 7
2040 5
2041 21
2042 25
2043 31
2044 4
2045 25
2046 7
2047 13
2048 10
2049 1
2050 25
2051 23
2052 9
2053 6
2054 19
2055 29
2056 5
2057 25
2058 2
2059 6
2060 1
2061 5
2062 21
2063 22
2064 10
2065 16
2066 6
2067 10
2068 9
2069 7
2070 4
2071 6
2072 7
2073 0
2074 9
2075 10
2076 7
2077 17
2078 1
2079 7
2080 2
2081 29
2082 23
2083 1
2084 0
2085 1
2086 33
2087 29
2088 28
2089 7
2090 25
2091 1
2092 4
2093 23
2094 30
2095 30
2096 23
2097 7
2098 2
2099 2
2100 19
2101 31
2102 5
2103 5
2104 7
2105 7
2106 16
2107 1
2108 1
2109 3
2110 18
2111 12
2112 7
2113 1
2114 2
2115 7
2116 3
2117 23
2118 6
2119 8
2120 25
2121 22
2122 3
2123 5
2124 17
2125 23
2126 2
2127 4
2128 22
2129 9
2130 23
2131 21
2132 7
2133 7
2134 9
2135 4
2136 22
2137 1
2138 6
2139 1
2140 29
2141 1
2142 13
2143 25
2144 10
2145 23
2146 7
2147 8
2148 31
2149 13
2150 2
2151 1
2152 1
2153 6
2154 7
2155 7
2156 25
2157 7
2158 7
2159 7
2160 3
2161 21
2162 8
2163 2
2164 6
2165 29
2166 19
2167 7
2168 3
2169 1
2170 7
2171 4
2172 6
2173 4
2174 23
2175 1
2176 18
2177 9
2178 7
2179 19
2180 7
2181 7
2182 21
2183 21
2184 9
2185 10
2186 29
2187 9
2188 8
2189 18
2190 19
2191 3
2192 8
2193 25
2194 23
2195 1
2196 5
2197 9
2198 21
2199 3
2200 2
2201 7
2202 2
2203 3
2204 17
2205 1
2206 17
2207 4
2208 7
2209 8
2210 30
2211 22
2212 1
2213 23
2214 1
2215 6
2216 9
2217 7
2218 5
2219 2
2220 7
2221 10
2222 10
2223 6
2224 2
2225 4
2226 7
2227 15
2228 26
2229 4
2230 8
2231 20
2232 20
2233 2
2234 34
2235 8
2236 6
2237 21
2238 23
2239 22
2240 18
2241 3
2242 10
2243 31
2244 1
2245 0
2246 9
2247 22
2248 2
2249 9
2250 4
2251 7
2252 25
2253 7
2254 2
2255 1
2256 1
2257 18
2258 29
2259 21
2260 26
2261 33
2262 10
2263 26
2264 7
2265 2
2266 4
2267 35
2268 7
2269 19
2270 10
2271 9
2272 1
2273 7
2274 20
2275 6
2276 3
2277 7
2278 4
2279 3
2280 23
2281 8
2282 7
2283 25
2284 3
2285 19
2286 7
2287 29
2288 22
2289 2
2290 30
2291 18
2292 2
2293 1
2294 1
2295 1
2296 6
2297 31
2298 8
2299 7
2300 1
2301 22
2302 11
2303 29
2304 7
2305 10
2306 0
2307 4
2308 2
2309 1
2310 8
2311 7
2312 16
2313 25
2314 7
2315 5
2316 16
2317 6
2318 2
2319 23
2320 22
2321 29
2322 10
2323 4
2324 3
2325 7
2326 4
2327 7
2328 1
2329 17
2330 18
2331 8
2332 2
2333 25
2334 29
2335 26
2336 17
2337 33
2338 23
2339 1
2340 23
2341 7
2342 4
2343 9
2344 10
2345 7
2346 9
2347 22
2348 7
2349 9
2350 7
2351 7
2352 25
2353 18
2354 10
2355 16
2356 19
2357 4
2358 27
2359 31
2360 29
2361 7
2362 23
2363 29
2364 8
2365 3
2366 18
2367 18
2368 24
2369 9
2370 4
2371 25
2372 4
2373 21
2374 4
2375 12
2376 7
2377 29
2378 2
2379 13
2380 7
2381 36
2382 16
2383 0
2384 9
2385 5
2386 1
2387 19
2388 23
2389 9
2390 18
2391 7
2392 7
2393 17
2394 4
2395 25
2396 4
2397 23
2398 7
2399 2
2400 7
2401 4
2402 8
2403 1
2404 23
2405 32
2406 30
2407 2
2408 1
2409 5
2410 19
2411 5
2412 7
2413 23
2414 3
2415 7
2416 26
2417 7
2418 7
2419 8
2420 21
2421 10
2422 10
2423 10
2424 22
2425 19
2426 4
2427 8
2428 7
2429 4
2430 18
2431 26
2432 1
2433 16
2434 23
2435 3
2436 10
2437 30
2438 7
2439 17
2440 25
2441 1
2442 16
2443 2
2444 2
2445 8
2446 21
2447 7
2448 1
2449 20
2450 31
2451 5
2452 1
2453 1
2454 1
2455 22
2456 21
2457 2
2458 13
2459 10
2460 25
2461 13
2462 29
2463 5
2464 0
2465 7
2466 7
2467 7
2468 1
2469 17
2470 1
2471 23
2472 8
2473 13
2474 8
2475 25
2476 8
2477 4
2478 4
2479 2
2480 6
2481 8
2482 7
2483 9
2484 31
2485 22
2486 25
2487 1
2488 2
2489 7
2490 7
2491 6
2492 13
2493 23
2494 5
2495 1
2496 23
2497 7
2498 9
2499 1
2500 16
2501 13
2502 10
2503 7
2504 3
2505 16
2506 0
2507 36
2508 3
2509 7
2510 4
2511 7
2512 1
2513 7
2514 7
2515 7
2516 1
2517 16
2518 23
2519 1
2520 4
2521 8
2522 20
2523 32
2524 16
2525 5
2526 23
2527 15
2528 0
2529 22
2530 33
2531 2
2532 1
2533 25
2534 23
2535 8
2536 7
2537 34
2538 23
2539 17
2540 7
2541 4
2542 1
2543 19
2544 7
2545 13
2546 18
2547 9
2548 25
2549 7
2550 23
2551 24
2552 16
2553 4
2554 12
2555 23
2556 7
2557 8
2558 23
2559 10
2560 5
2561 1
2562 18
2563 17
2564 19
2565 18
2566 21
2567 3
2568 23
2569 2
2570 15
2571 29
2572 6
2573 7
2574 23
2575 23
2576 8
2577 18
2578 23
2579 8
2580 4
2581 1
2582 6
2583 4
2584 4
2585 1
2586 9
2587 31
2588 4
2589 26
2590 4
2591 2
2592 4
2593 5
2594 23
2595 5
2596 21
2597 20
2598 8
2599 6
2600 8
2601 4
2602 8
2603 19
2604 25
2605 7
2606 1
2607 16
2608 7
2609 31
2610 23
2611 2
2612 23
2613 23
2614 7
2615 22
2616 5
2617 30
2618 8
2619 20
2620 10
2621 30
2622 1
2623 3
2624 10
2625 7
2626 3
2627 4
2628 0
2629 29
2630 5
2631 9
2632 1
2633 16
2634 7
2635 16
2636 35
2637 31
2638 1
2639 24
2640 4
2641 25
2642 7
2643 20
2644 0
2645 1
2646 7
2647 7
2648 22
2649 19
2650 10
2651 4
2652 1
2653 16
2654 21
2655 7
2656 9
2657 5
2658 20
2659 13
2660 23
2661 5
2662 17
2663 33
2664 1
2665 16
2666 3
2667 19
2668 6
2669 21
2670 16
2671 0
2672 7
2673 7
2674 7
2675 1
2676 10
2677 4
2678 19
2679 9
2680 7
2681 7
2682 17
2683 4
2684 8
2685 16
2686 20
2687 5
2688 16
2689 2
2690 17
2691 6
2692 1
2693 7
2694 18
2695 4
2696 6
2697 18
2698 26
2699 29
2700 10
2701 1
2702 2
2703 3
2704 32
2705 29
2706 23
2707 25
2708 6
2709 33
2710 25
2711 18
2712 4
2713 29
2714 25
2715 37
2716 7
2717 9
2718 32
2719 13
2720 19
2721 4
2722 25
2723 10
2724 3
2725 4
2726 5
2727 13
2728 34
2729 18
2730 34
2731 19
2732 10
2733 10
2734 2
2735 7
2736 4
2737 23
2738 7
2739 25
2740 5
2741 6
2742 7
2743 7
2744 5
2745 5
2746 22
2747 10
2748 7
2749 4
2750 7
2751 8
2752 7
2753 2
2754 16
2755 18
2756 22
2757 22
2758 18
2759 22
2760 1
2761 24
2762 18
2763 23
2764 4
2765 9
2766 2
2767 31
2768 23
2769 10
2770 26
2771 0
2772 23
2773 29
2774 18
2775 21
2776 5
2777 24
2778 24
2779 31
2780 18
2781 7
2782 18
2783 23
2784 10
2785 3
2786 10
2787 12
2788 7
2789 1
2790 23
2791 5
2792 5
2793 10
2794 7
2795 8
2796 17
2797 22
2798 22
2799 13
2800 5
2801 1
2802 7
2803 6
2804 29
2805 16
2806 22
2807 7
2808 6
2809 1
2810 7
2811 28
2812 19
2813 1
2814 9
2815 1
2816 21
2817 4
2818 1
2819 9
2820 23
2821 19
2822 29
2823 2
2824 16
2825 2
2826 15
2827 29
2828 31
2829 2
2830 19
2831 9
2832 10
2833 4
2834 8
2835 4
2836 7
2837 30
2838 5
2839 7
2840 7
2841 18
2842 23
2843 26
2844 7
2845 7
2846 0
2847 9
2848 16
2849 0
2850 34
2851 6
2852 1
2853 2
2854 13
2855 1
2856 9
2857 2
2858 8
2859 5
2860 5
2861 7
2862 19
2863 7
2864 5
2865 7
2866 29
2867 10
2868 1
2869 21
2870 13
2871 17
2872 2
2873 1
2874 7
2875 7
2876 23
2877 21
2878 29
2879 2
2880 7
2881 1
2882 7
2883 4
2884 31
2885 22
2886 4
2887 18
2888 29
2889 8
2890 29
2891 7
2892 18
2893 5
2894 23
2895 5
2896 4
2897 28
2898 25
2899 7
2900 25
2901 22
2902 8
2903 21
2904 5
2905 7
2906 1
2907 1
2908 16
2909 29
2910 1
2911 8
2912 0
2913 7
2914 10
2915 1
2916 22
2917 6
2918 19
2919 19
2920 2
2921 31
2922 33
2923 5
2924 7
2925 6
2926 33
2927 4
2928 16
2929 18
2930 7
2931 8
2932 7
2933 3
2934 23
2935 15
2936 18
2937 0
2938 8
2939 5
2940 1
2941 7
2942 5
2943 33
2944 31
2945 0
2946 23
2947 7
2948 6
2949 32
2950 35
2951 7
2952 1
2953 6
2954 4
2955 7
2956 18
2957 15
2958 16
2959 22
2960 4
2961 18
2962 19
2963 5
2964 22
2965 21
2966 21
2967 5
2968 1
2969 1
2970 8
2971 24
2972 23
2973 21
2974 23
2975 16
2976 4
2977 7
2978 7
2979 13
2980 31
2981 16
2982 31
2983 15
2984 2
2985 9
2986 6
2987 2
2988 10
2989 33
2990 20
2991 3
2992 6
2993 1
2994 2
2995 19
2996 18
2997 5
2998 1
2999 13
3000 9
3001 22
3002 29
3003 26
3004 21
3005 8
3006 23
3007 1
3008 18
3009 6
3010 21
3011 5
3012 23
3013 23
3014 18
3015 7
3016 7
3017 31
3018 29
3019 9
3020 20
3021 23
3022 7
3023 10
3024 31
3025 15
3026 7
3027 6
3028 17
3029 2
3030 31
3031 1
3032 2
3033 31
3034 10
3035 29
3036 0
3037 7
3038 23
3039 7
3040 8
3041 7
3042 9
3043 7
3044 2
3045 10
3046 30
3047 5
3048 2
3049 7
3050 29
3051 18
3052 23
3053 17
3054 0
3055 5
3056 23
3057 10
3058 23
3059 9
3060 28
3061 35
3062 31
3063 7
3064 25
3065 31
3066 5
3067 19
3068 10
3069 18
3070 34
3071 1
3072 23
3073 9
3074 23
3075 7
3076 6
3077 18
3078 7
3079 29
3080 23
3081 4
3082 23
3083 5
3084 5
3085 1
3086 8
3087 9
3088 7
3089 0
3090 9
3091 8
3092 1
3093 23
3094 15
3095 2
3096 29
3097 23
3098 7
3099 23
3100 8
3101 0
3102 2
3103 31
3104 2
3105 7
3106 23
3107 22
3108 2
3109 16
3110 2
3111 8
3112 1
3113 29
3114 6
3115 7
3116 29
3117 18
3118 18
3119 4
3120 1
3121 9
3122 1
3123 4
3124 23
3125 29
3126 21
3127 16
3128 17
3129 9
3130 9
3131 1
3132 1
3133 19
3134 23
3135 21
3136 10
3137 7
3138 18
3139 16
3140 35
3141 0
3142 11
3143 21
3144 6
3145 29
3146 19
3147 7
3148 1
3149 4
3150 1
3151 8
3152 12
3153 4
3154 23
3155 23
3156 25
3157 31
3158 34
3159 9
3160 31
3161 8
3162 2
3163 23
3164 22
3165 1
3166 6
3167 7
3168 1
3169 7
3170 10
3171 17
3172 25
3173 4
3174 5
3175 7
3176 22
3177 3
3178 13
3179 17
3180 6
3181 1
3182 4
3183 32
3184 21
3185 8
3186 17
3187 8
3188 6
3189 7
3190 16
3191 25
3192 23
3193 33
3194 3
3195 18
3196 2
3197 1
3198 2
3199 29
3200 23
3201 1
3202 7
3203 2
3204 18
3205 18
3206 34
3207 1
3208 26
3209 7
3210 22
3211 5
3212 9
3213 23
3214 33
3215 10
3216 25
3217 23
3218 29
3219 7
3220 9
3221 16
3222 1
3223 5
3224 7
3225 5
3226 6
3227 7
3228 18
3229 1
3230 19
3231 8
3232 25
3233 10
3234 1
3235 16
3236 2
3237 6
3238 2
3239 4
3240 4
3241 7
3242 25
3243 10
3244 29
3245 2
3246 23
3247 1
3248 1
3249 7
3250 8
3251 8
3252 8
3253 23
3254 0
3255 1
3256 17
3257 17
3258 19
3259 17
3260 2
3261 3
3262 6
3263 4
3264 34
3265 31
3266 6
3267 4
3268 7
3269 3
3270 19
3271 5
3272 7
3273 4
3274 9
3275 9
3276 9
3277 21
3278 22
3279 10
3280 31
3281 3
3282 0
3283 10
3284 20
3285 23
3286 5
3287 7
3288 9
3289 25
3290 17
3291 23
3292 9
3293 7
3294 29
3295 9
3296 13
3297 6
3298 8
3299 8
3300 19
3301 2
3302 8
3303 23
3304 7
3305 13
3306 25
3307 18
3308 9
3309 23
3310 23
3311 3
3312 18
3313 7
3314 7
3315 4
3316 1
3317 23
3318 19
3319 2
3320 1
3321 1
3322 1
3323 16
3324 8
3325 4
3326 23
3327 15
3328 23
3329 12
3330 5
3331 26
3332 16
3333 7
3334 13
3335 4
3336 22
3337 2
3338 7
3339 3
3340 17
3341 7
3342 8
3343 4
3344 4
3345 20
3346 25
3347 20
3348 7
3349 22
3350 10
3351 1
3352 23
3353 7
3354 7
3355 17
3356 23
3357 23
3358 3
3359 18
3360 10
3361 11
3362 16
3363 6
3364 5
3365 21
3366 7
3367 9
3368 7
3369 31
3370 7
3371 3
3372 31
3373 12
3374 18
3375 23
3376 8
3377 7
3378 2
3379 1
3380 4
3381 18
3382 21
3383 15
3384 1
3385 6
3386 5
3387 7
3388 34
3389 33
3390 8
3391 7
3392 6
3393 1
3394 7
3395 1
3396 8
3397 10
3398 23
3399 7
3400 24
3401 8
3402 1
3403 2
3404 6
3405 17
3406 18
3407 35
3408 7
3409 19
3410 31
3411 28
3412 4
3413 21
3414 2
3415 7
3416 7
3417 10
3418 18
3419 27
3420 5
3421 32
3422 7
3423 16
3424 29
3425 22
3426 8
3427 26
3428 4
3429 31
3430 7
3431 7
3432 16
3433 2
3434 25
3435 18
3436 5
3437 10
3438 8
3439 7
3440 23
3441 21
3442 3
3443 1
3444 27
3445 24
3446 29
3447 1
3448 4
3449 4
3450 34
3451 23
3452 1
3453 35
3454 1
3455 7
3456 15
3457 20
3458 5
3459 4
3460 4
3461 4
3462 18
3463 9
3464 7
3465 7
3466 2
3467 6
3468 20
3469 7
3470 33
3471 17
3472 20
3473 23
3474 2
3475 29
3476 7
3477 13
3478 6
3479 23
3480 5
3481 16
3482 17
3483 8
3484 5
3485 26
3486 2
3487 2
3488 8
3489 7
3490 5
3491 18
3492 4
3493 1
3494 16
3495 9
3496 2
3497 27
3498 9
3499 1
3500 21
3501 23
3502 4
3503 29
3504 2
3505 4
3506 19
3507 31
3508 25
3509 23
3510 2
3511 5
3512 7
3513 19
3514 4
3515 23
3516 6
3517 24
3518 7
3519 25
3520 2
3521 18
3522 19
3523 8
3524 25
3525 25
3526 7
3527 8
3528 22
3529 1
3530 1
3531 9
3532 6
3533 18
3534 16
3535 18
3536 13
3537 7
3538 7
3539 28
3540 15
3541 7
3542 6
3543 4
3544 4
3545 7
3546 9
3547 9
3548 20
3549 16
3550 15
3551 10
3552 7
3553 1
3554 5
3555 7
3556 7
3557 5
3558 25
3559 5
3560 21
3561 23
3562 17
3563 7
3564 2
3565 1
3566 0
3567 19
3568 16
3569 8
3570 19
3571 7
3572 8
3573 23
3574 9
3575 4
3576 3
3577 2
3578 4
3579 7
3580 7
3581 6
3582 17
3583 1
3584 10
3585 5
3586 11
3587 31
3588 22
3589 2
3590 7
3591 4
3592 5
3593 1
3594 7
3595 24
3596 8
3597 7
3598 0
3599 5
3600 26
3601 18
3602 9
3603 8
3604 1
3605 5
3606 16
3607 8
3608 7
3609 19
3610 7
3611 7
3612 9
3613 7
3614 23
3615 23
3616 7
3617 17
3618 16
3619 22
3620 6
3621 33
3622 17
3623 2
3624 7
3625 13
3626 16
3627 1
3628 29
3629 5
3630 8
3631 5
3632 4
3633 2
3634 9
3635 5
3636 1
3637 3
3638 5
3639 16
3640 7
3641 16
3642 4
3643 16
3644 4
3645 2
3646 5
3647 7
3648 7
3649 23
3650 7
3651 7
3652 26
3653 23
3654 29
3655 7
3656 18
3657 18
3658 4
3659 21
3660 4
3661 31
3662 7
3663 7
3664 7
3665 20
3666 25
3667 16
3668 1
3669 8
3670 8
3671 23
3672 16
3673 19
3674 23
3675 8
3676 7
3677 7
3678 7
3679 6
3680 25
3681 17
3682 10
3683 29
3684 23
3685 3
3686 7
3687 17
3688 16
3689 0
3690 2
3691 7
3692 31
3693 7
3694 35
3695 3
3696 29
3697 29
3698 20
3699 25
3700 7
3701 7
3702 29
3703 36
3704 2
3705 1
3706 23
3707 2
3708 23
3709 4
3710 23
3711 23
3712 28
3713 0
3714 6
3715 10
3716 18
3717 18
3718 9
3719 12
3720 15
3721 13
3722 7
3723 1
3724 24
3725 23
3726 10
3727 29
3728 13
3729 10
3730 4
3731 1
3732 6
3733 23
3734 2
3735 18
3736 7
3737 33
3738 3
3739 26
3740 0
3741 35
3742 23
3743 4
3744 7
3745 7
3746 29
3747 23
3748 2
3749 19
3750 2
3751 4
3752 19
3753 3
3754 5
3755 1
3756 33
3757 2
3758 7
3759 34
3760 6
3761 24
3762 0
3763 11
3764 7
3765 2
3766 5
3767 21
3768 7
3769 1
3770 17
3771 20
3772 7
3773 19
3774 4
3775 7
3776 2
3777 21
3778 4
3779 2
3780 35
3781 23
3782 7
3783 16
3784 21
3785 23
3786 3
3787 4
3788 7
3789 18
3790 10
3791 3
3792 34
3793 9
3794 1
3795 32
3796 1
3797 10
3798 25
3799 23
3800 8
3801 1
3802 10
3803 16
3804 7
3805 18
3806 29
3807 21
3808 16
3809 9
3810 2
3811 4
3812 2
3813 15
3814 23
3815 7
3816 12
3817 35
3818 7
3819 4
3820 7
3821 1
3822 10
3823 10
3824 2
3825 10
3826 13
3827 4
3828 19
3829 26
3830 7
3831 23
3832 7
3833 1
3834 2
3835 5
3836 15
3837 7
3838 3
3839 23
3840 23
3841 9
3842 6
3843 22
3844 7
3845 2
3846 18
3847 23
3848 23
3849 7
3850 25
3851 5
3852 8
3853 8
3854 1
3855 1
3856 4
3857 25
3858 2
3859 9
3860 5
3861 1
3862 31
3863 21
3864 9
3865 18
3866 18
3867 9
3868 4
3869 15
3870 8
3871 2
3872 9
3873 2
3874 19
3875 4
3876 4
3877 4
3878 17
3879 13
3880 4
3881 1
3882 29
3883 9
3884 13
3885 35
3886 7
3887 3
3888 10
3889 33
3890 23
3891 10
3892 17
3893 7
3894 10
3895 23
3896 1
3897 23
3898 23
3899 35
3900 23
3901 21
3902 23
3903 7
3904 23
3905 32
3906 5
3907 10
3908 1
3909 10
3910 19
3911 34
3912 5
3913 17
3914 7
3915 29
3916 1
3917 8
3918 1
3919 0
3920 23
3921 4
3922 18
3923 23
3924 5
3925 17
3926 24
3927 10
3928 31
3929 22
3930 7
3931 1
3932 2
3933 22
3934 32
3935 24
3936 7
3937 1
3938 7
3939 23
3940 18
3941 10
3942 10
3943 18
3944 2
3945 13
3946 9
3947 2
3948 30
3949 7
3950 7
3951 5
3952 8
3953 20
3954 31
3955 20
3956 16
3957 29
3958 11
3959 24
3960 17
3961 1
3962 1
3963 4
3964 23
3965 16
3966 23
3967 5
3968 31
3969 22
3970 23
3971 35
3972 31
3973 4
3974 5
3975 10
3976 26
3977 29
3978 10
3979 1
3980 30
3981 19
3982 29
3983 3
3984 21
3985 8
3986 7
3987 8
3988 17
3989 2
3990 3
3991 4
3992 3
3993 32
3994 25
3995 24
3996 4
3997 29
3998 2
3999 15
4000 4
4001 22
4002 17
4003 1
4004 2
4005 10
4006 7
4007 18
4008 7
4009 23
4010 6
4011 21
4012 23
4013 6
4014 15
4015 22
4016 7
4017 7
4018 8
4019 0
4020 7
4021 27
4022 15
4023 10
4024 30
4025 10
4026 21
4027 20
4028 10
4029 10
4030 5
4031 8
4032 2
4033 22
4034 7
4035 21
4036 22
4037 29
4038 21
4039 22
4040 2
4041 21
4042 18
4043 15
4044 33
4045 1
4046 29
4047 5
4048 10
4049 6
4050 2
4051 4
4052 7
4053 18
4054 15
4055 15
4056 4
4057 1
4058 29
4059 5
4060 10
4061 7
4062 10
4063 20
4064 5
4065 6
4066 23
4067 7
4068 18
4069 23
4070 16
4071 15
4072 2
4073 7
4074 18
4075 3
4076 31
4077 23
4078 7
4079 19
4080 35
4081 10
4082 2
4083 23
4084 24
4085 16
4086 24
4087 24
4088 6
4089 4
4090 5
4091 13
4092 1
4093 18
4094 13
4095 1
4096 18
4097 5
4098 24
4099 13
4100 7
4101 5
4102 24
4103 2
4104 5
4105 18
4106 5
4107 9
4108 29
4109 6
4110 7
4111 24
4112 36
4113 24
4114 4
4115 10
4116 32
4117 1
4118 15
4119 18
4120 25
4121 1
4122 7
4123 25
4124 24
4125 1
4126 7
4127 8
4128 30
4129 31
4130 24
4131 22
4132 29
4133 6
4134 24
4135 1
4136 19
4137 17
4138 33
4139 1
4140 18
4141 24
4142 5
4143 9
4144 18
4145 21
4146 5
4147 1
4148 9
4149 5
4150 3
4151 17
4152 24
4153 1
4154 13
4155 17
4156 23
4157 24
4158 32
4159 31
4160 15
4161 27
4162 15
4163 0
4164 6
4165 10
4166 15
4167 3
4168 1
4169 4
4170 9
4171 29
4172 9
4173 16
4174 9
4175 23
4176 31
4177 4
4178 8
4179 29
4180 0
4181 22
4182 24
4183 22
4184 15
4185 33
4186 21
4187 4
4188 0
4189 7
4190 32
4191 7
4192 21
4193 6
4194 31
4195 31
4196 1
4197 9
4198 4
4199 18
4200 31
4201 16
4202 24
4203 10
4204 17
4205 2
4206 7
4207 13
4208 9
4209 1
4210 2
4211 35
4212 16
4213 6
4214 20
4215 23
4216 17
4217 0
4218 9
4219 6
4220 2
4221 10
4222 18
4223 0
4224 3
4225 3
4226 17
4227 7
4228 21
4229 31
4230 16
4231 1
4232 0
4233 17
4234 9
4235 4
4236 26
4237 3
4238 10
4239 33
4240 31
4241 9
4242 7
4243 4
4244 10
4245 17
4246 16
4247 25
4248 7
4249 5
4250 7
4251 1
4252 1
4253 9
4254 1
4255 24
4256 21
4257 2
4258 10
4259 1
4260 9
4261 16
4262 5
4263 24
4264 25
4265 24
4266 33
4267 22
4268 6
4269 7
4270 19
4271 22
4272 23
4273 7
4274 10
4275 8
4276 15
4277 2
4278 22
4279 29
4280 24
4281 20
4282 24
4283 7
4284 23
4285 3
4286 10
4287 0
4288 23
4289 1
4290 33
4291 8
4292 25
4293 8
4294 7
4295 15
4296 18
4297 10
4298 24
4299 10
4300 17
4301 15
4302 16
4303 29
4304 6
4305 6
4306 15
4307 8
4308 5
4309 29
4310 9
4311 1
4312 10
4313 25
4314 1
4315 35
4316 32
4317 4
4318 24
4319 2
4320 0
4321 19
4322 6
4323 28
4324 15
4325 6
4326 16
4327 16
4328 25
4329 8
4330 6
4331 5
4332 23
4333 9
4334 4
4335 15
4336 29
4337 2
4338 16
4339 4
4340 7
4341 7
4342 2
4343 4
4344 15
4345 20
4346 22
4347 30
4348 16
4349 35
4350 10
4351 5
4352 9
4353 10
4354 2
4355 1
4356 22
4357 4
4358 9
4359 1
4360 17
4361 1
4362 7
4363 23
4364 19
4365 23
4366 7
4367 7
4368 2
4369 16
4370 4
4371 7
4372 8
4373 0
4374 4
4375 7
4376 22
4377 8
4378 4
4379 22
4380 7
4381 31
4382 26
4383 5
4384 1
4385 21
4386 15
4387 1
4388 8
4389 23
4390 1
4391 10
4392 18
4393 2
4394 16
4395 7
4396 23
4397 16
4398 7
4399 4
4400 25
4401 1
4402 1
4403 25
4404 2
4405 2
4406 4
4407 5
4408 29
4409 31
4410 10
4411 18
4412 7
4413 1
4414 4
4415 22
4416 30
4417 15
4418 1
4419 18
4420 24
4421 24
4422 25
4423 16
4424 10
4425 29
4426 18
4427 5
4428 4
4429 2
4430 7
4431 5
4432 4
4433 2
4434 1
4435 18
4436 15
4437 10
4438 17
4439 7
4440 16
4441 29
4442 5
4443 17
4444 23
4445 18
4446 6
4447 1
4448 2
4449 6
4450 18
4451 36
4452 17
4453 21
4454 15
4455 6
4456 31
4457 1
4458 8
4459 25
4460 1
4461 24
4462 2
4463 12
4464 36
4465 22
4466 35
4467 16
4468 6
4469 4
4470 8
4471 13
4472 2
4473 2
4474 7
4475 1
4476 18
4477 9
4478 6
4479 4
4480 1
4481 7
4482 35
4483 5
4484 16
4485 1
4486 24
4487 23
4488 8
4489 23
4490 17
4491 7
4492 7
4493 23
4494 19
4495 8
4496 18
4497 1
4498 3
4499 16
4500 15
4501 24
4502 10
4503 4
4504 16
4505 23
4506 19
4507 20
4508 16
4509 8
4510 8
4511 18
4512 4
4513 7
4514 18
4515 0
4516 1
4517 17
4518 16
4519 1
4520 22
4521 18
4522 24
4523 3
4524 1
4525 17
4526 10
4527 1
4528 7
4529 10
4530 7
4531 7
4532 22
4533 27
4534 15
4535 7
4536 6
4537 24
4538 7
4539 7
4540 35
4541 4
4542 0
4543 31
4544 18
4545 8
4546 1
4547 8
4548 7
4549 7
4550 9
4551 16
4552 24
4553 24
4554 15
4555 29
4556 6
4557 16
4558 1
4559 16
4560 3
4561 8
4562 6
4563 1
4564 16
4565 2
4566 25
4567 28
4568 31
4569 9
4570 7
4571 7
4572 24
4573 19
4574 17
4575 7
4576 26
4577 7
4578 18
4579 4
4580 8
4581 9
4582 18
4583 18
4584 1
4585 1
4586 8
4587 17
4588 25
4589 9
4590 22
4591 2
4592 17
4593 16
4594 29
4595 19
4596 16
4597 16
4598 18
4599 31
4600 7
4601 13
4602 16
4603 24
4604 29
4605 24
4606 13
4607 9
4608 8
4609 31
4610 5
4611 10
4612 8
4613 9
4614 19
4615 9
4616 1
4617 15
4618 4
4619 7
4620 18
4621 28
4622 4
4623 4
4624 0
4625 24
4626 23
4627 7
4628 8
4629 0
4630 16
4631 24
4632 7
4633 15
4634 8
4635 1
4636 7
4637 25
4638 7
4639 7
4640 7
4641 5
4642 5
4643 9
4644 31
4645 17
4646 25
4647 18
4648 7
4649 5
4650 18
4651 7
4652 16
4653 4
4654 24
4655 20
4656 23
4657 24
4658 7
4659 17
4660 34
4661 5
4662 17
4663 5
4664 28
4665 18
4666 5
4667 1
4668 24
4669 13
4670 25
4671 25
4672 6
4673 18
4674 7
4675 23
4676 13
4677 17
4678 2
4679 2
4680 27
4681 31
4682 22
4683 22
4684 5
4685 8
4686 4
4687 17
4688 6
4689 34
4690 11
4691 22
4692 30
4693 29
4694 15
4695 30
4696 18
4697 2
4698 10
4699 6
4700 20
4701 22
4702 9
4703 10
4704 23
4705 7
4706 16
4707 35
4708 38
4709 23
4710 2
4711 4
4712 4
4713 7
4714 2
4715 22
4716 6
4717 4
4718 7
4719 5
4720 25
4721 15
4722 26
4723 30
4724 20
4725 8
4726 31
4727 24
4728 1
4729 7
4730 1
4731 7
4732 16
4733 7
4734 25
4735 16
4736 25
4737 2
4738 4
4739 6
4740 32
4741 18
4742 7
4743 23
4744 5
4745 19
4746 16
4747 19
4748 7
4749 10
4750 2
4751 8
4752 23
4753 5
4754 4
4755 1
4756 29
4757 27
4758 7
4759 8
4760 16
4761 18
4762 4
4763 7
4764 23
4765 5
4766 4
4767 1
4768 6
4769 27
4770 1
4771 1
4772 13
4773 35
4774 3
4775 6
4776 16
4777 24
4778 5
4779 7
4780 34
4781 4
4782 20
4783 18
4784 2
4785 10
4786 5
4787 21
4788 18
4789 37
4790 27
4791 31
4792 2
4793 32
4794 23
4795 6
4796 17
4797 16
4798 3
4799 7
4800 17
4801 17
4802 29
4803 1
4804 10
4805 1
4806 15
4807 1
4808 7
4809 1
4810 15
4811 9
4812 4
4813 0
4814 9
4815 4
4816 16
4817 9
4818 26
4819 23
4820 1
4821 4
4822 7
4823 7
4824 4
4825 25
4826 29
4827 4
4828 1
4829 23
4830 32
4831 0
4832 1
4833 3
4834 4
4835 5
4836 6
4837 7
4838 8
4839 9
4840 10
4841 4
4842 1
4843 7
4844 18
4845 5
4846 4
4847 5
4848 1
4849 2
4850 19
4851 13
4852 10
4853 17
4854 22
4855 10
4856 1
4857 15
4858 7
4859 3
4860 18
4861 24
4862 4
4863 23
4864 7
4865 8
4866 25
4867 5
4868 23
4869 5
4870 27
4871 21
4872 23
4873 0
4874 4
4875 16
4876 6
4877 7
4878 14
4879 20
4880 5
4881 17
4882 8
4883 18
4884 8
4885 2
4886 1
4887 29
4888 0
4889 16
4890 7
4891 24
4892 29
4893 7
4894 1
4895 16
4896 1
4897 1
4898 23
4899 6
4900 23
4901 2
4902 18
4903 2
4904 8
4905 15
4906 6
4907 0
4908 2
4909 16
4910 4
4911 19
4912 20
4913 23
4914 1
4915 6
4916 1
4917 13
4918 20
4919 7
4920 7
4921 7
4922 8
4923 15
4924 9
4925 4
4926 31
4927 7
4928 16
4929 19
4930 25
4931 1
4932 4
4933 3
4934 5
4935 32
4936 15
4937 15
4938 24
4939 5
4940 1
4941 1
4942 4
4943 4
4944 7
4945 23
4946 31
4947 1
4948 18
4949 22
4950 1
4951 24
4952 19
4953 16
4954 0
4955 18
4956 17
4957 19
4958 19
4959 28
4960 0
4961 16
4962 2
4963 18
4964 13
4965 7
4966 10
4967 16
4968 16
4969 23
4970 16
4971 23
4972 4
4973 10
4974 18
4975 18
4976 8
4977 16
4978 17
4979 23
4980 23
4981 1
4982 2
4983 5
4984 24
4985 7
4986 18
4987 10
4988 18
4989 2
4990 7
4991 0
4992 21
4993 7
4994 22
4995 19
4996 9
4997 23
4998 5
4999 24
5000 0
5001 16
5002 18
5003 4
5004 1
5005 13
5006 9
5007 1
5008 17
5009 5
5010 18
5011 22
5012 1
5013 10
5014 8
5015 24
5016 10
5017 7
5018 19
5019 7
5020 19
5021 32
5022 22
5023 1
5024 1
5025 3
5026 10
5027 6
5028 22
5029 7
5030 23
5031 24
5032 18
5033 6
5034 19
5035 5
5036 20
5037 28
5038 3
5039 16
5040 1
5041 23
5042 13
5043 33
5044 7
5045 16
5046 29
5047 1
5048 6
5049 5
5050 16
5051 13
5052 22
5053 31
5054 19
5055 18
5056 10
5057 0
5058 22
5059 9
5060 34
5061 16
5062 22
5063 10
5064 18
5065 1
5066 24
5067 4
5068 2
5069 1
5070 9
5071 7
5072 29
5073 19
5074 18
5075 3
5076 15
5077 0
5078 1
5079 7
5080 23
5081 5
5082 16
5083 23
5084 18
5085 8
5086 1
5087 25
5088 4
5089 23
5090 32
5091 4
5092 16
5093 7
5094 23
5095 4
5096 31
5097 2
5098 9
5099 7
5100 7
5101 7
5102 10
5103 23
5104 16
5105 9
5106 10
5107 18
5108 24
5109 9
5110 18
5111 28
5112 24
5113 19
5114 15
5115 9
5116 6
5117 15
5118 1
5119 6
5120 24
5121 31
5122 7
5123 18
5124 16
5125 23
5126 9
5127 17
5128 1
5129 7
5130 1
5131 6
5132 2
5133 6
5134 16
5135 18
5136 7
5137 8
5138 8
5139 29
5140 20
5141 24
5142 15
5143 25
5144 1
5145 16
5146 10
5147 29
5148 16
5149 13
5150 7
5151 10
5152 2
5153 21
5154 24
5155 2
5156 29
5157 21
5158 7
5159 1
5160 1
5161 18
5162 5
5163 7
5164 2
5165 17
5166 9
5167 16
5168 5
5169 4
5170 23
5171 31
5172 7
5173 24
5174 29
5175 2
5176 7
5177 23
5178 7
5179 5
5180 15
5181 8
5182 2
5183 18
5184 1
5185 5
5186 13
5187 9
5188 4
5189 23
5190 7
5191 24
5192 19
5193 24
5194 9
5195 35
5196 17
5197 16
5198 13
5199 15
5200 7
5201 26
5202 31
5203 23
5204 30
5205 8
5206 5
5207 7
5208 3
5209 22
5210 22
5211 8
5212 16
5213 8
5214 1
5215 11
5216 25
5217 10
5218 19
5219 9
5220 6
5221 4
5222 1
5223 31
5224 2
5225 23
5226 19
5227 7
5228 1
5229 18
5230 30
5231 7
5232 7
5233 29
5234 9
5235 23
5236 16
5237 4
5238 9
5239 1
5240 16
5241 19
5242 2
5243 16
5244 18
5245 5
5246 7
5247 3
5248 31
5249 24
5250 23
5251 24
5252 25
5253 15
5254 9
5255 5
5256 6
5257 26
5258 18
5259 25
5260 25
5261 0
5262 16
5263 21
5264 18
5265 1
5266 2
5267 1
5268 7
5269 16
5270 31
5271 2
5272 7
5273 7
5274 13
5275 1
5276 27
5277 18
5278 25
5279 5
5280 24
5281 16
5282 15
5283 10
5284 9
5285 7
5286 23
5287 13
5288 1
5289 24
5290 5
5291 13
5292 28
5293 21
5294 8
5295 4
5296 31
5297 1
5298 7
5299 19
5300 7
5301 16
5302 25
5303 4
5304 6
5305 19
5306 24
5307 29
5308 5
5309 24
5310 16
5311 5
5312 23
5313 16
5314 6
5315 15
5316 18
5317 1
5318 19
5319 5
5320 10
5321 7
5322 23
5323 16
5324 6
5325 9
5326 1
5327 31
5328 3
5329 18
5330 23
5331 1
5332 19
5333 32
5334 7
5335 4
5336 18
5337 19
5338 7
5339 7
5340 24
5341 7
5342 31
5343 5
5344 20
5345 17
5346 18
5347 24
5348 24
5349 23
5350 2
5351 24
5352 7
5353 16
5354 3
5355 17
5356 19
5357 1
5358 24
5359 19
5360 16
5361 4
5362 23
5363 18
5364 14
5365 18
5366 24
5367 20
5368 16
5369 7
5370 24
5371 31
5372 22
5373 18
5374 19
5375 15
5376 24
5377 19
5378 16
5379 23
5380 13
5381 7
5382 2
5383 4
5384 9
5385 6
5386 18
5387 10
5388 7
5389 7
5390 5
5391 2
5392 4
5393 2
5394 23
5395 19
5396 24
5397 13
5398 7
5399 1
5400 4
5401 4
5402 7
5403 17
5404 8
5405 4
5406 16
5407 2
5408 10
5409 2
5410 7
5411 1
5412 16
5413 4
5414 8
5415 16
5416 4
5417 6
5418 7
5419 1
5420 0
5421 11
5422 7
5423 4
5424 17
5425 27
5426 16
5427 13
5428 18
5429 8
5430 7
5431 1
5432 15
5433 10
5434 4
5435 23
5436 32
5437 15
5438 25
5439 7
5440 20
5441 15
5442 23
5443 1
5444 18
5445 4
5446 15
5447 4
5448 9
5449 4
5450 13
5451 18
5452 1
5453 7
5454 25
5455 22
5456 10
5457 7
5458 7
5459 4
5460 10
5461 22
5462 9
5463 23
5464 16
5465 19
5466 5
5467 15
5468 32
5469 7
5470 16
5471 24
5472 22
5473 15
5474 32
5475 19
5476 29
5477 7
5478 25
5479 27
5480 5
5481 7
5482 4
5483 32
5484 1
5485 20
5486 16
5487 7
5488 26
5489 18
5490 7
5491 1
5492 7
5493 4
5494 7
5495 4
5496 24
5497 7
5498 2
5499 18
5500 24
5501 7
5502 15
5503 20
5504 31
5505 7
5506 29
5507 7
5508 10
5509 15
5510 23
5511 15
5512 32
5513 8
5514 7
5515 23
5516 0
5517 6
5518 25
5519 18
5520 5
5521 13
5522 24
5523 23
5524 23
5525 23
5526 1
5527 15
5528 2
5529 16
5530 7
5531 10
5532 8
5533 25
5534 4
5535 29
5536 23
5537 6
5538 29
5539 18
5540 6
5541 17
5542 18
5543 9
5544 0
5545 18
5546 15
5547 31
5548 4
5549 6
5550 18
5551 18
5552 24
5553 31
5554 18
5555 18
5556 15
5557 4
5558 3
5559 4
5560 5
5561 23
5562 18
5563 19
5564 7
5565 24
5566 7
5567 9
5568 13
5569 24
5570 21
5571 9
5572 5
5573 11
5574 7
5575 4
5576 24
5577 16
5578 15
5579 29
5580 23
5581 18
5582 25
5583 7
5584 9
5585 19
5586 29
5587 21
5588 32
5589 1
5590 7
5591 21
5592 5
5593 16
5594 4
5595 25
5596 17
5597 13
5598 24
5599 7
5600 18
5601 2
5602 9
5603 4
5604 25
5605 7
5606 8
5607 10
5608 21
5609 25
5610 6
5611 1
5612 4
5613 5
5614 9
5615 5
5616 1
5617 24
5618 16
5619 6
5620 25
5621 13
5622 32
5623 19
5624 4
5625 20
5626 18
5627 18
5628 18
5629 5
5630 9
5631 18
5632 5
5633 18
5634 17
5635 4
5636 6
5637 32
5638 33
5639 20
5640 24
5641 23
5642 6
5643 29
5644 16
5645 18
5646 4
5647 18
5648 4
5649 0
5650 20
5651 7
5652 10
5653 32
5654 23
5655 22
5656 4
5657 31
5658 13
5659 4
5660 24
5661 3
5662 7
5663 35
5664 23
5665 3
5666 24
5667 17
5668 9
5669 23
5670 12
5671 18
5672 7
5673 1
5674 6
5675 21
5676 1
5677 5
5678 35
5679 21
5680 19
5681 23
5682 2
5683 16
5684 18
5685 18
5686 3
5687 27
5688 5
5689 2
5690 19
5691 17
5692 20
5693 7
5694 5
5695 15
5696 5
5697 5
5698 1
5699 18
5700 23
5701 4
5702 22
5703 31
5704 0
5705 4
5706 16
5707 18
5708 7
5709 18
5710 6
5711 1
5712 15
5713 1
5714 18
5715 5
5716 18
5717 10
5718 9
5719 18
5720 18
5721 18
5722 29
5723 29
5724 4
5725 7
5726 5
5727 25
5728 18
5729 17
5730 25
5731 3
5732 2
5733 32
5734 31
5735 18
5736 4
5737 1
5738 10
5739 7
5740 17
5741 29
5742 32
5743 18
5744 1
5745 2
5746 4
5747 9
5748 1
5749 8
5750 16
5751 10
5752 13
5753 2
5754 16
5755 28
5756 23
5757 7
5758 9
5759 4
5760 15
5761 15
5762 13
5763 18
5764 6
5765 18
5766 8
5767 3
5768 10
5769 19
5770 5
5771 18
5772 17
5773 2
5774 23
5775 8
5776 19
5777 8
5778 19
5779 8
5780 2
5781 13
5782 19
5783 23
5784 2
5785 9
5786 7
5787 9
5788 1
5789 1
5790 30
5791 18
5792 23
5793 10
5794 18
5795 3
5796 3
5797 5
5798 16
5799 6
5800 2
5801 23
5802 7
5803 1
5804 1
5805 4
5806 18
5807 22
5808 2
5809 16
5810 13
5811 20
5812 2
5813 29
5814 18
5815 23
5816 18
5817 31
5818 6
5819 18
5820 8
5821 10
5822 18
5823 22
5824 24
5825 10
5826 9
5827 19
5828 22
5829 4
5830 7
5831 13
5832 9
5833 18
5834 18
5835 4
5836 4
5837 6
5838 24
5839 4
5840 18
5841 9
5842 7
5843 2
5844 11
5845 4
5846 7
5847 30
5848 29
5849 5
5850 15
5851 16
5852 24
5853 18
5854 24
5855 1
5856 21
5857 10
5858 15
5859 7
5860 20
5861 6
5862 4
5863 18
5864 21
5865 16
5866 19
5867 5
5868 7
5869 23
5870 29
5871 6
5872 9
5873 25
5874 16
5875 18
5876 15
5877 16
5878 31
5879 24
5880 30
5881 25
5882 2
5883 18
5884 17
5885 0
5886 10
5887 10
5888 28
5889 2
5890 18
5891 12
5892 2
5893 18
5894 6
5895 31
5896 4
5897 26
5898 20
5899 15
5900 22
5901 25
5902 1
5903 24
5904 5
5905 18
5906 29
5907 4
5908 27
5909 1
5910 1
5911 25
5912 31
5913 16
5914 1
5915 24
5916 7
5917 0
5918 5
5919 10
5920 22
5921 5
5922 23
5923 18
5924 29
5925 20
5926 19
5927 17
5928 32
5929 36
5930 15
5931 7
5932 23
5933 4
5934 23
5935 1
5936 36
5937 8
5938 15
5939 23
5940 8
5941 7
5942 4
5943 2
5944 18
5945 1
5946 5
5947 10
5948 31
5949 1
5950 15
5951 15
5952 22
5953 4
5954 21
5955 7
5956 10
5957 1
5958 25
5959 5
5960 7
5961 28
5962 19
5963 7
5964 23
5965 24
5966 5
5967 18
5968 15
5969 16
5970 21
5971 21
5972 1
5973 18
5974 5
5975 29
5976 6
5977 5
5978 18
5979 2
5980 6
5981 8
5982 23
5983 4
5984 5
5985 17
5986 18
5987 19
5988 21
5989 1
5990 4
5991 9
5992 13
5993 3
5994 28
5995 5
5996 27
5997 5
5998 16
5999 13
6000 5
6001 13
6002 16
6003 10
6004 5
6005 10
6006 2
6007 18
6008 2
6009 4
6010 18
6011 2
6012 16
6013 1
6014 8
6015 0
6016 5
6017 4
6018 18
6019 7
6020 13
6021 6
6022 1
6023 15
6024 18
6025 25
6026 16
6027 4
6028 10
6029 13
6030 15
6031 29
6032 34
6033 5
6034 28
6035 7
6036 1
6037 19
6038 4
6039 4
6040 15
6041 18
6042 18
6043 21
6044 18
6045 5
6046 4
6047 7
6048 18
6049 15
6050 6
6051 24
6052 10
6053 28
6054 18
6055 5
6056 2
6057 20
6058 4
6059 18
6060 7
6061 15
6062 4
6063 18
6064 9
6065 27
6066 18
6067 18
6068 7
6069 6
6070 5
6071 19
6072 28
6073 7
6074 6
6075 18
6076 23
6077 5
6078 18
6079 23
6080 5
6081 17
6082 1
6083 32
6084 16
6085 9
6086 8
6087 5
6088 15
6089 18
6090 29
6091 27
6092 0
6093 12
6094 10
6095 18
6096 24
6097 5
6098 28
6099 5
6100 2
6101 5
6102 32
6103 18
6104 13
6105 15
6106 22
6107 18
6108 5
6109 8
6110 24
6111 25
6112 24
6113 18
6114 16
6115 23
6116 18
6117 23
6118 21
6119 18
6120 18
6121 9
6122 29
6123 4
6124 10
6125 32
6126 7
6127 5
6128 9
6129 8
6130 25
6131 7
6132 9
6133 23
6134 2
6135 10
6136 4
6137 19
6138 4
6139 7
6140 13
6141 3
6142 7
6143 4
6144 5
6145 1
6146 10
6147 7
6148 5
6149 7
6150 8
6151 18
6152 18
6153 13
6154 5
6155 31
6156 2
6157 18
6158 25
6159 18
6160 18
6161 18
6162 0
6163 5
6164 16
6165 2
6166 1
6167 16
6168 23
6169 23
6170 17
6171 9
6172 19
6173 15
6174 0
6175 23
6176 4
6177 22
6178 21
6179 24
6180 7
6181 18
6182 10
6183 5
6184 4
6185 18
6186 2
6187 5
6188 5
6189 18
6190 23
6191 17
6192 7
6193 35
6194 4
6195 8
6196 1
6197 9
6198 4
6199 4
6200 7
6201 6
6202 23
6203 5
6204 16
6205 1
6206 22
6207 24
6208 19
6209 6
6210 2
6211 4
6212 34
6213 31
6214 8
6215 1
6216 6
6217 10
6218 24
6219 18
6220 5
6221 23
6222 24
6223 20
6224 15
6225 23
6226 23
6227 23
6228 9
6229 3
6230 8
6231 1
6232 7
6233 5
6234 2
6235 3
6236 19
6237 10
6238 4
6239 25
6240 1
6241 9
6242 5
6243 21
6244 18
6245 4
6246 2
6247 1
6248 16
6249 6
6250 4
6251 25
6252 6
6253 6
6254 9
6255 23
6256 4
6257 7
6258 6
6259 22
6260 7
6261 7
6262 24
6263 35
6264 5
6265 5
6266 1
6267 29
6268 18
6269 5
6270 22
6271 18
6272 16
6273 23
6274 4
6275 2
6276 18
6277 13
6278 4
6279 7
6280 16
6281 7
6282 23
6283 18
6284 7
6285 23
6286 1
6287 18
6288 21
6289 7
6290 23
6291 21
6292 18
6293 3
6294 19
6295 24
6296 29
6297 5
6298 18
6299 23
6300 16
6301 19
6302 20
6303 18
6304 25
6305 35
6306 8
6307 5
6308 22
6309 18
6310 11
6311 2
6312 18
6313 13
6314 4
6315 3
6316 4
6317 17
6318 32
6319 18
6320 8
6321 35
6322 22
6323 8
6324 13
6325 25
6326 33
6327 9
6328 5
6329 5
6330 9
6331 8
6332 23
6333 32
6334 10
6335 15
6336 19
6337 17
6338 16
6339 4
6340 11
6341 9
6342 16
6343 16
6344 2
6345 13
6346 23
6347 0
6348 10
6349 5
6350 20
6351 0
6352 2
6353 16
6354 10
6355 22
6356 4
6357 4
6358 4
6359 0
6360 5
6361 7
6362 36
6363 18
6364 25
6365 28
6366 18
6367 18
6368 19
6369 15
6370 6
6371 9
6372 9
6373 23
6374 18
6375 21
6376 16
6377 20
6378 16
6379 3
6380 1
6381 16
6382 15
6383 0
6384 4
6385 31
6386 5
6387 21
6388 36
6389 1
6390 6
6391 19
6392 20
6393 23
6394 16
6395 18
6396 1
6397 13
6398 2
6399 5
6400 32
6401 17
6402 0
6403 36
6404 18
6405 7
6406 18
6407 3
6408 9
6409 5
6410 1
6411 27
6412 19
6413 15
6414 20
6415 15
6416 2
6417 1
6418 29
6419 17
6420 18
6421 18
6422 22
6423 9
6424 18
6425 32
6426 24
6427 5
6428 10
6429 4
6430 8
6431 1
6432 4
6433 4
6434 1
6435 21
6436 19
6437 20
6438 20
6439 20
6440 1
6441 22
6442 5
6443 19
6444 6
6445 8
6446 18
6447 20
6448 4
6449 7
6450 4
6451 20
6452 20
6453 18
6454 18
6455 4
6456 16
6457 7
6458 8
6459 10
6460 32
6461 1
6462 5
6463 6
6464 1
6465 4
6466 23
6467 17
6468 18
6469 30
6470 3
6471 4
6472 16
6473 9
6474 2
6475 20
6476 5
6477 2
6478 19
6479 20
6480 1
6481 13
6482 10
6483 4
6484 1
6485 20
6486 9
6487 8
6488 9
6489 4
6490 7
6491 4
6492 16
6493 31
6494 32
6495 1
6496 8
6497 7
6498 17
6499 32
6500 30
6501 15
6502 3
6503 7
6504 29
6505 7
6506 10
6507 23
6508 7
6509 6
6510 5
6511 18
6512 18
6513 7
6514 10
6515 4
6516 23
6517 1
6518 5
6519 13
6520 4
6521 17
6522 1
6523 5
6524 3
6525 2
6526 21
6527 25
6528 27
6529 2
6530 1
6531 23
6532 28
6533 17
6534 9
6535 20
6536 30
6537 1
6538 1
6539 2
6540 6
6541 3
6542 3
6543 18
6544 18
6545 2
6546 20
6547 7
6548 16
6549 4
6550 25
6551 4
6552 7
6553 28
6554 14
6555 5
6556 4
6557 10
6558 21
6559 8
6560 10
6561 22
6562 18
6563 24
6564 23
6565 4
6566 23
6567 1
6568 1
6569 2
6570 18
6571 4
6572 23
6573 10
6574 7
6575 25
6576 24
6577 1
6578 23
6579 16
6580 9
6581 18
6582 13
6583 15
6584 20
6585 18
6586 4
6587 18
6588 27
6589 1
6590 21
6591 2
6592 20
6593 17
6594 34
6595 16
6596 23
6597 5
6598 5
6599 9
6600 1
6601 18
6602 1
6603 23
6604 2
6605 9
6606 7
6607 15
6608 4
6609 9
6610 37
6611 18
6612 4
6613 0
6614 13
6615 21
6616 7
6617 4
6618 1
6619 21
6620 2
6621 4
6622 0
6623 25
6624 8
6625 18
6626 10
6627 24
6628 23
6629 23
6630 29
6631 25
6632 5
6633 19
6634 1
6635 16
6636 20
6637 5
6638 25
6639 6
6640 27
6641 21
6642 8
6643 16
6644 16
6645 13
6646 22
6647 4
6648 23
6649 23
6650 4
6651 13
6652 3
6653 13
6654 35
6655 17
6656 17
6657 4
6658 30
6659 18
6660 2
6661 10
6662 24
6663 15
6664 19
6665 9
6666 13
6667 10
6668 10
6669 18
6670 12
6671 13
6672 13
6673 2
6674 18
6675 10
6676 1
6677 35
6678 27
6679 31
6680 27
6681 34
6682 7
6683 5
6684 13
6685 29
6686 20
6687 24
6688 8
6689 7
6690 16
6691 4
6692 2
6693 18
6694 16
6695 13
6696 8
6697 1
6698 10
6699 8
6700 0
6701 7
6702 1
6703 5
6704 17
6705 1
6706 13
6707 18
6708 0
6709 9
6710 17
6711 22
6712 10
6713 17
6714 1
6715 1
6716 17
6717 17
6718 4
6719 18
6720 24
6721 16
6722 18
6723 18
6724 6
6725 35
6726 29
6727 2
6728 29
6729 6
6730 22
6731 23
6732 15
6733 7
6734 2
6735 16
6736 14
6737 23
6738 10
6739 7
6740 18
6741 1
6742 23
6743 2
6744 7
6745 20
6746 5
6747 12
6748 31
6749 5
6750 33
6751 20
6752 3
6753 1
6754 22
6755 5
6756 18
6757 34
6758 16
6759 10
6760 23
6761 18
6762 5
6763 5
6764 5
6765 23
6766 15
6767 1
6768 3
6769 10
6770 6
6771 6
6772 2
6773 7
6774 6
6775 9
6776 27
6777 1
6778 7
6779 0
6780 18
6781 7
6782 4
6783 15
6784 8
6785 18
6786 4
6787 6
6788 9
6789 23
6790 4
6791 1
6792 4
6793 18
6794 1
6795 2
6796 2
6797 37
6798 18
6799 20
6800 5
6801 1
6802 6
6803 2
6804 5
6805 7
6806 18
6807 4
6808 18
6809 6
6810 18
6811 2
6812 32
6813 19
6814 4
6815 25
6816 6
6817 28
6818 4
6819 4
6820 18
6821 22
6822 20
6823 7
6824 1
6825 15
6826 2
6827 7
6828 7
6829 7
6830 2
6831 2
6832 16
6833 3
6834 4
6835 5
6836 13
6837 23
6838 4
6839 4
6840 26
6841 23
6842 17
6843 18
6844 16
6845 3
6846 8
6847 25
6848 8
6849 5
6850 18
6851 15
6852 25
6853 23
6854 18
6855 19
6856 31
6857 31
6858 5
6859 36
6860 16
6861 20
6862 18
6863 2
6864 19
6865 17
6866 6
6867 6
6868 20
6869 15
6870 7
6871 18
6872 22
6873 23
6874 2
6875 5
6876 29
6877 19
6878 23
6879 23
6880 31
6881 2
6882 10
6883 5
6884 5
6885 8
6886 13
6887 18
6888 24
6889 14
6890 16
6891 18
6892 3
6893 16
6894 8
6895 5
6896 10
6897 23
6898 23
6899 24
6900 5
6901 1
6902 5
6903 6
6904 2
6905 5
6906 25
6907 6
6908 18
6909 13
6910 12
6911 18
6912 8
6913 8
6914 2
6915 17
6916 1
6917 28
6918 9
6919 20
6920 24
6921 20
6922 15
6923 1
6924 18
6925 35
6926 18
6927 4
6928 4
6929 15
6930 27
6931 7
6932 9
6933 2
6934 5
6935 23
6936 7
6937 0
6938 8
6939 4
6940 21
6941 29
6942 4
6943 4
6944 1
6945 15
6946 18
6947 4
6948 1
6949 4
6950 17
6951 16
6952 15
6953 16
6954 37
6955 4
6956 5
6957 1
6958 4
6959 5
6960 1
6961 31
6962 10
6963 15
6964 4
6965 30
6966 27
6967 4
6968 28
6969 6
6970 29
6971 4
6972 1
6973 1
6974 15
6975 23
6976 5
6977 20
6978 9
6979 1
6980 4
6981 16
6982 37
6983 1
6984 18
6985 4
6986 27
6987 5
6988 32
6989 5
6990 15
6991 7
6992 10
6993 23
6994 18
6995 7
6996 1
6997 1
6998 2
6999 1
7000 16
7001 1
7002 21
7003 2
7004 13
7005 35
7006 18
7007 23
7008 22
7009 19
7010 8
7011 1
7012 18
7013 23
7014 16
7015 6
7016 20
7017 24
7018 23
7019 1
7020 5
7021 7
7022 1
7023 23
7024 18
7025 19
7026 8
7027 2
7028 2
7029 5
7030 12
7031 31
7032 1
7033 16
7034 17
7035 23
7036 18
7037 2
7038 18
7039 15
7040 1
7041 1
7042 4
7043 16
7044 1
7045 5
7046 10
7047 5
7048 23
7049 16
7050 18
7051 4
7052 31
7053 21
7054 29
7055 9
7056 27
7057 20
7058 22
7059 29
7060 24
7061 31
7062 18
7063 18
7064 15
7065 25
7066 4
7067 15
7068 5
7069 2
7070 18
7071 35
7072 2
7073 2
7074 20
7075 9
7076 5
7077 32
7078 8
7079 16
7080 7
7081 4
7082 4
7083 15
7084 23
7085 1
7086 1
7087 31
7088 18
7089 17
7090 23
7091 6
7092 7
7093 15
7094 16
7095 4
7096 21
7097 5
7098 7
7099 19
7100 5
7101 20
7102 5
7103 5
7104 1
7105 22
7106 18
7107 1
7108 20
7109 23
7110 1
7111 28
7112 14
7113 23
7114 5
7115 7
7116 1
7117 25
7118 29
7119 4
7120 23
7121 5
7122 7
7123 15
7124 0
7125 12
7126 7
7127 31
7128 10
7129 2
7130 18
7131 5
7132 0
7133 18
7134 16
7135 9
7136 23
7137 35
7138 16
7139 18
7140 22
7141 5
7142 32
7143 5
7144 29
7145 8
7146 9
7147 5
7148 18
7149 18
7150 18
7151 13
7152 16
7153 18
7154 7
7155 5
7156 1
7157 13
7158 24
7159 4
7160 18
7161 18
7162 0
7163 3
7164 18
7165 7
7166 18
7167 4
7168 22
7169 4
7170 12
7171 22
7172 18
7173 1
7174 5
7175 4
7176 15
7177 7
7178 18
7179 1
7180 36
7181 18
7182 1
7183 16
7184 2
7185 10
7186 15
7187 1
7188 16
7189 23
7190 29
7191 31
7192 4
7193 5
7194 22
7195 17
7196 15
7197 10
7198 10
7199 7
7200 16
7201 6
7202 16
7203 23
7204 23
7205 7
7206 22
7207 4
7208 7
7209 16
7210 13
7211 6
7212 18
7213 32
7214 37
7215 19
7216 20
7217 17
7218 20
7219 20
7220 5
7221 20
7222 4
7223 4
7224 20
7225 4
7226 25
7227 6
7228 5
7229 4
7230 20
7231 9
7232 2
7233 31
7234 27
7235 21
7236 1
7237 2
7238 1
7239 1
7240 2
7241 4
7242 18
7243 22
7244 1
7245 23
7246 2
7247 20
7248 36
7249 17
7250 18
7251 14
7252 13
7253 9
7254 16
7255 7
7256 6
7257 19
7258 15
7259 22
7260 2
7261 23
7262 5
7263 20
7264 32
7265 1
7266 31
7267 5
7268 31
7269 5
7270 18
7271 9
7272 4
7273 1
7274 21
7275 1
7276 3
7277 18
7278 13
7279 10
7280 31
7281 32
7282 18
7283 1
7284 29
7285 18
7286 18
7287 18
7288 6
7289 15
7290 18
7291 37
7292 18
7293 25
7294 9
7295 5
7296 15
7297 2
7298 18
7299 5
7300 29
7301 19
7302 16
7303 18
7304 5
7305 8
7306 0
7307 17
7308 27
7309 21
7310 2
7311 15
7312 22
7313 23
7314 35
7315 2
7316 5
7317 18
7318 17
7319 20
7320 7
7321 4
7322 4
7323 16
7324 6
7325 18
7326 1
7327 15
7328 4
7329 2
7330 18
7331 22
7332 10
7333 14
7334 16
7335 10
7336 23
7337 5
7338 1
7339 4
7340 21
7341 17
7342 20
7343 22
7344 1
7345 24
7346 17
7347 4
7348 7
7349 1
7350 7
7351 18
7352 18
7353 25
7354 16
7355 5
7356 2
7357 13
7358 18
7359 1
7360 4
7361 18
7362 7
7363 6
7364 7
7365 18
7366 6
7367 29
7368 1
7369 25
7370 7
7371 1
7372 28
7373 23
7374 18
7375 25
7376 16
7377 5
7378 4
7379 18
7380 29
7381 7
7382 1
7383 5
7384 25
7385 17
7386 16
7387 20
7388 21
7389 31
7390 4
7391 31
7392 5
7393 5
7394 7
7395 8
7396 16
7397 35
7398 7
7399 13
7400 16
7401 20
7402 6
7403 18
7404 19
7405 6
7406 5
7407 18
7408 9
7409 20
7410 13
7411 1
7412 15
7413 4
7414 1
7415 4
7416 35
7417 23
7418 3
7419 5
7420 4
7421 21
7422 15
7423 8
7424 18
7425 7
7426 18
7427 18
7428 23
7429 29
7430 26
7431 18
7432 2
7433 7
7434 15
7435 6
7436 2
7437 1
7438 25
7439 4
7440 2
7441 5
7442 5
7443 10
7444 5
7445 1
7446 3
7447 23
7448 22
7449 19
7450 13
7451 29
7452 35
7453 5
7454 5
7455 9
7456 15
7457 35
7458 36
7459 18
7460 6
7461 5
7462 15
7463 8
7464 16
7465 16
7466 4
7467 19
7468 8
7469 37
7470 4
7471 0
7472 32
7473 4
7474 1
7475 4
7476 2
7477 4
7478 0
7479 2
7480 4
7481 22
7482 4
7483 1
7484 7
7485 8
7486 31
7487 22
7488 2
7489 5
7490 27
7491 17
7492 6
7493 7
7494 19
7495 17
7496 31
7497 22
7498 18
7499 15
7500 18
7501 18
7502 31
7503 9
7504 3
7505 27
7506 10
7507 10
7508 5
7509 13
7510 6
7511 16
7512 25
7513 2
7514 9
7515 10
7516 20
7517 18
7518 4
7519 20
7520 2
7521 15
7522 1
7523 1
7524 23
7525 4
7526 18
7527 20
7528 23
7529 17
7530 18
7531 3
7532 2
7533 22
7534 17
7535 27
7536 5
7537 22
7538 21
7539 2
7540 29
7541 5
7542 20
7543 5
7544 29
7545 27
7546 6
7547 2
7548 18
7549 5
7550 0
7551 18
7552 7
7553 36
7554 16
7555 6
7556 1
7557 4
7558 32
7559 15
7560 15
7561 2
7562 18
7563 17
7564 7
7565 24
7566 36
7567 2
7568 1
7569 26
7570 16
7571 1
7572 6
7573 32
7574 30
7575 37
7576 10
7577 18
7578 18
7579 4
7580 37
7581 27
7582 16
7583 7
7584 15
7585 4
7586 5
7587 18
7588 7
7589 3
7590 5
7591 22
7592 1
7593 14
7594 4
7595 20
7596 18
7597 4
7598 23
7599 19
7600 4
7601 7
7602 17
7603 2
7604 17
7605 5
7606 20
7607 28
7608 1
7609 8
7610 12
7611 9
7612 1
7613 22
7614 8
7615 17
7616 5
7617 4
7618 12
7619 18
7620 18
7621 6
7622 7
7623 19
7624 14
7625 1
7626 28
7627 33
7628 35
7629 29
7630 2
7631 7
7632 1
7633 18
7634 1
7635 7
7636 18
7637 18
7638 7
7639 17
7640 26
7641 25
7642 5
7643 1
7644 5
7645 24
7646 23
7647 9
7648 31
7649 20
7650 36
7651 13
7652 18
7653 17
7654 28
7655 23
7656 10
7657 35
7658 10
7659 1
7660 18
7661 18
7662 6
7663 19
7664 1
7665 29
7666 1
7667 31
7668 4
7669 7
7670 10
7671 23
7672 18
7673 20
7674 17
7675 23
7676 36
7677 6
7678 23
7679 37
7680 9
7681 18
7682 17
7683 29
7684 31
7685 10
7686 8
7687 23
7688 1
7689 23
7690 5
7691 15
7692 5
7693 35
7694 4
7695 6
7696 2
7697 29
7698 13
7699 2
7700 18
7701 5
7702 29
7703 31
7704 7
7705 27
7706 17
7707 5
7708 8
7709 2
7710 18
7711 16
7712 7
7713 4
7714 13
7715 13
7716 24
7717 5
7718 13
7719 25
7720 23
7721 4
7722 32
7723 1
7724 7
7725 18
7726 18
7727 3
7728 5
7729 16
7730 18
7731 8
7732 15
7733 22
7734 18
7735 5
7736 24
7737 32
7738 7
7739 4
7740 4
7741 17
7742 3
7743 27
7744 19
7745 21
7746 6
7747 5
7748 4
7749 2
7750 13
7751 18
7752 8
7753 7
7754 6
7755 18
7756 7
7757 2
7758 34
7759 2
7760 7
7761 9
7762 5
7763 15
7764 24
7765 5
7766 5
7767 20
7768 17
7769 1
7770 18
7771 17
7772 17
7773 24
7774 1
7775 7
7776 6
7777 18
7778 1
7779 15
7780 17
7781 18
7782 25
7783 4
7784 5
7785 18
7786 11
7787 13
7788 25
7789 7
7790 2
7791 18
7792 17
7793 2
7794 3
7795 5
7796 12
7797 17
7798 2
7799 17
7800 12
7801 21
7802 4
7803 6
7804 10
7805 5
7806 18
7807 4
7808 15
7809 2
7810 16
7811 1
7812 32
7813 4
7814 21
7815 18
7816 4
7817 23
7818 6
7819 2
7820 1
7821 21
7822 19
7823 2
7824 5
7825 9
7826 4
7827 10
7828 9
7829 4
7830 17
7831 7
7832 18
7833 10
7834 2
7835 15
7836 10
7837 5
7838 5
7839 7
7840 5
7841 9
7842 17
7843 7
7844 2
7845 0
7846 4
7847 27
7848 36
7849 18
7850 1
7851 7
7852 24
7853 21
7854 20
7855 5
7856 11
7857 21
7858 34
7859 23
7860 1
7861 9
7862 18
7863 3
7864 8
7865 3
7866 19
7867 5
7868 31
7869 10
7870 22
7871 18
7872 20
7873 5
7874 5
7875 5
7876 3
7877 18
7878 3
7879 2
7880 23
7881 7
7882 20
7883 18
7884 18
7885 36
7886 36
7887 4
7888 4
7889 8
7890 9
7891 28
7892 22
7893 9
7894 2
7895 17
7896 18
7897 18
7898 1
7899 7
7900 4
7901 5
7902 2
7903 28
7904 29
7905 21
7906 22
7907 2
7908 5
7909 10
7910 11
7911 18
7912 4
7913 8
7914 7
7915 23
7916 0
7917 23
7918 7
7919 18
7920 5
7921 18
7922 13
7923 27
7924 9
7925 29
7926 9
7927 21
7928 5
7929 7
7930 1
7931 18
7932 22
7933 1
7934 3
7935 4
7936 27
7937 10
7938 5
7939 18
7940 4
7941 13
7942 5
7943 30
7944 23
7945 9
7946 2
7947 29
7948 29
7949 7
7950 32
7951 15
7952 4
7953 17
7954 18
7955 23
7956 16
7957 6
7958 2
7959 7
7960 5
7961 5
7962 5
7963 5
7964 6
7965 16
7966 29
7967 6
7968 23
7969 17
7970 18
7971 6
7972 27
7973 9
7974 26
7975 8
7976 9
7977 5
7978 32
7979 19
7980 4
7981 5
7982 19
7983 9
7984 13
7985 4
7986 2
7987 4
7988 5
7989 9
7990 23
7991 2
7992 5
7993 4
7994 4
7995 5
7996 5
7997 2
7998 16
7999 15
8000 13
8001 1
8002 18
8003 10
8004 2
8005 7
8006 37
8007 8
8008 5
8009 34
8010 4
8011 7
8012 15
8013 30
8014 0
8015 18
8016 13
8017 4
8018 15
8019 4
8020 18
8021 10
8022 23
8023 2
8024 22
8025 15
8026 19
8027 17
8028 5
8029 16
8030 4
8031 2
8032 10
8033 13
8034 18
8035 5
8036 6
8037 7
8038 0
8039 18
8040 7
8041 2
8042 7
8043 1
8044 23
8045 21
8046 29
8047 18
8048 1
8049 15
8050 32
8051 9
8052 4
8053 18
8054 18
8055 28
8056 18
8057 22
8058 18
8059 1
8060 18
8061 5
8062 15
8063 4
8064 27
8065 18
8066 10
8067 4
8068 15
8069 19
8070 1
8071 18
8072 22
8073 18
8074 24
8075 2
8076 23
8077 8
8078 27
8079 31
8080 18
8081 7
8082 7
8083 17
8084 6
8085 1
8086 35
8087 31
8088 5
8089 18
8090 22
8091 5
8092 29
8093 1
8094 23
8095 20
8096 5
8097 0
8098 1
8099 19
8100 23
8101 32
8102 1
8103 5
8104 23
8105 15
8106 13
8107 4
8108 5
8109 7
8110 17
8111 25
8112 5
8113 18
8114 6
8115 26
8116 19
8117 2
8118 4
8119 1
8120 2
8121 5
8122 23
8123 14
8124 18
8125 5
8126 18
8127 16
8128 1
8129 24
8130 1
8131 1
8132 13
8133 5
8134 3
8135 2
8136 18
8137 2
8138 15
8139 5
8140 5
8141 16
8142 20
8143 23
8144 18
8145 16
8146 19
8147 15
8148 14
8149 18
8150 18
8151 9
8152 1
8153 18
8154 16
8155 4
8156 29
8157 22
8158 18
8159 7
8160 18
8161 1
8162 26
8163 25
8164 5
8165 20
8166 3
8167 23
8168 15
8169 4
8170 15
8171 5
8172 18
8173 6
8174 24
8175 2
8176 0
8177 8
8178 8
8179 7
8180 2
8181 37
8182 1
8183 7
8184 35
8185 1
8186 10
8187 23
8188 7
8189 4
8190 10
8191 31
8192 2
8193 18
8194 18
8195 1
8196 16
8197 1
8198 6
8199 34
8200 10
8201 4
8202 17
8203 4
8204 31
8205 35
8206 5
8207 8
8208 5
8209 1
8210 0
8211 23
8212 35
8213 18
8214 22
8215 8
8216 19
8217 35
8218 15
8219 15
8220 21
8221 2
8222 22
8223 7
8224 36
8225 15
8226 5
8227 4
8228 16
8229 20
8230 18
8231 4
8232 18
8233 17
8234 7
8235 2
8236 7
8237 2
8238 16
8239 18
8240 5
8241 6
8242 8
8243 4
8244 6
8245 1
8246 6
8247 5
8248 18
8249 7
8250 4
8251 20
8252 13
8253 18
8254 3
8255 22
8256 5
8257 18
8258 18
8259 21
8260 26
8261 27
8262 28
8263 13
8264 5
8265 5
8266 5
8267 21
8268 25
8269 1
8270 20
8271 14
8272 4
8273 35
8274 10
8275 1
8276 36
8277 26
8278 15
8279 18
8280 16
8281 4
8282 23
8283 15
8284 17
8285 20
8286 4
8287 31
8288 15
8289 31
8290 23
8291 2
8292 6
8293 5
8294 23
8295 7
8296 18
8297 15
8298 18
8299 24
8300 4
8301 1
8302 18
8303 0
8304 18
8305 22
8306 5
8307 7
8308 20
8309 7
8310 18
8311 23
8312 23
8313 6
8314 31
8315 1
8316 10
8317 18
8318 18
8319 16
8320 6
8321 4
8322 29
8323 4
8324 18
8325 23
8326 9
8327 4
8328 1
8329 27
8330 15
8331 23
8332 29
8333 15
8334 10
8335 24
8336 13
8337 20
8338 21
8339 16
8340 4
8341 7
8342 7
8343 18
8344 8
8345 18
8346 27
8347 29
8348 16
8349 26
8350 12
8351 2
8352 35
8353 27
8354 25
8355 34
8356 7
8357 25
8358 18
8359 23
8360 22
8361 4
8362 23
8363 17
8364 5
8365 10
8366 19
8367 4
8368 26
8369 3
8370 5
8371 32
8372 23
8373 30
8374 18
8375 4
8376 5
8377 28
8378 5
8379 5
8380 4
8381 25
8382 1
8383 22
8384 5
8385 6
8386 17
8387 31
8388 6
8389 18
8390 1
8391 4
8392 20
8393 16
8394 7
8395 4
8396 18
8397 8
8398 2
8399 23
8400 7
8401 16
8402 4
8403 0
8404 27
8405 25
8406 20
8407 17
8408 6
8409 2
8410 22
8411 23
8412 27
8413 17
8414 2
8415 0
8416 4
8417 1
8418 17
8419 12
8420 31
8421 2
8422 17
8423 34
8424 5
8425 29
8426 25
8427 18
8428 23
8429 7
8430 5
8431 36
8432 18
8433 22
8434 21
8435 16
8436 24
8437 4
8438 15
8439 3
8440 37
8441 27
8442 17
8443 18
8444 22
8445 29
8446 16
8447 7
8448 16
8449 1
8450 18
8451 32
8452 23
8453 8
8454 1
8455 8
8456 5
8457 20
8458 19
8459 9
8460 2
8461 0
8462 29
8463 14
8464 6
8465 29
8466 30
8467 4
8468 30
8469 5
8470 25
8471 25
8472 2
8473 17
8474 6
8475 25
8476 2
8477 27
8478 1
8479 22
8480 23
8481 15
8482 36
8483 36
8484 23
8485 9
8486 3
8487 2
8488 18
8489 5
8490 18
8491 24
8492 16
8493 5
8494 24
8495 5
8496 18
8497 10
8498 35
8499 22
8500 5
8501 18
8502 21
8503 36
8504 2
8505 23
8506 15
8507 6
8508 16
8509 3
8510 19
8511 5
8512 28
8513 28
8514 25
8515 1
8516 4
8517 18
8518 2
8519 4
8520 6
8521 29
8522 18
8523 15
8524 3
8525 1
8526 37
8527 30
8528 10
8529 18
8530 2
8531 1
8532 24
8533 17
8534 7
8535 15
8536 5
8537 23
8538 8
8539 5
8540 1
8541 18
8542 2
8543 7
8544 4
8545 17
8546 18
8547 31
8548 14
8549 18
8550 23
8551 22
8552 18
8553 16
8554 13
8555 9
8556 21
8557 17
8558 13
8559 20
8560 16
8561 15
8562 19
8563 16
8564 18
8565 15
8566 6
8567 7
8568 7
8569 7
8570 26
8571 32
8572 24
8573 6
8574 7
8575 23
8576 15
8577 16
8578 5
8579 18
8580 10
8581 7
8582 9
8583 18
8584 1
8585 15
8586 20
8587 18
8588 21
8589 18
8590 22
8591 23
8592 30
8593 23
8594 4
8595 17
8596 15
8597 23
8598 1
8599 28
8600 18
8601 4
8602 7
8603 29
8604 16
8605 10
8606 35
8607 8
8608 23
8609 1
8610 21
8611 10
8612 18
8613 6
8614 4
8615 10
8616 31
8617 6
8618 15
8619 2
8620 10
8621 36
8622 14
8623 4
8624 6
8625 22
8626 18
8627 7
8628 19
8629 5
8630 23
8631 33
8632 19
8633 32
8634 27
8635 6
8636 4
8637 30
8638 2
8639 13
8640 18
8641 17
8642 1
8643 23
8644 18
8645 18
8646 7
8647 15
8648 7
8649 21
8650 3
8651 1
8652 2
8653 31
8654 7
8655 4
8656 3
8657 18
8658 4
8659 10
8660 6
8661 1
8662 13
8663 23
8664 4
8665 18
8666 22
8667 2
8668 23
8669 21
8670 19
8671 5
8672 9
8673 6
8674 22
8675 16
8676 7
8677 16
8678 18
8679 6
8680 18
8681 2
8682 1
8683 6
8684 18
8685 5
8686 18
8687 18
8688 17
8689 18
8690 27
8691 1
8692 7
8693 24
8694 8
8695 29
8696 12
8697 23
8698 2
8699 3
8700 18
8701 15
8702 23
8703 16
8704 12
8705 6
8706 20
8707 9
8708 15
8709 19
8710 13
8711 20
8712 2
8713 17
8714 18
8715 31
8716 19
8717 35
8718 23
8719 28
8720 18
8721 23
8722 7
8723 18
8724 16
8725 4
8726 14
8727 1
8728 17
8729 31
8730 18
8731 18
8732 18
8733 35
8734 9
8735 11
8736 7
8737 32
8738 23
8739 14
8740 1
8741 28
8742 13
8743 6
8744 7
8745 20
8746 18
8747 7
8748 6
8749 4
8750 5
8751 18
8752 9
8753 32
8754 2
8755 0
8756 14
8757 18
8758 8
8759 2
8760 23
8761 8
8762 5
8763 16
8764 19
8765 2
8766 18
8767 30
8768 21
8769 3
8770 1
8771 7
8772 20
8773 2
8774 10
8775 33
8776 6
8777 18
8778 2
8779 5
8780 8
8781 14
8782 4
8783 26
8784 22
8785 21
8786 31
8787 31
8788 10
8789 5
8790 21
8791 7
8792 16
8793 19
8794 6
8795 25
8796 22
8797 5
8798 30
8799 5
8800 10
8801 31
8802 9
8803 8
8804 15
8805 6
8806 5
8807 6
8808 18
8809 29
8810 6
8811 1
8812 13
8813 5
8814 21
8815 29
8816 4
8817 5
8818 9
8819 16
8820 1
8821 22
8822 27
8823 15
8824 6
8825 15
8826 17
8827 5
8828 25
8829 6
8830 5
8831 30
8832 5
8833 20
8834 5
8835 4
8836 2
8837 22
8838 23
8839 6
8840 1
8841 6
8842 16
8843 23
8844 23
8845 4
8846 6
8847 2
8848 4
8849 6
8850 10
8851 5
8852 9
8853 18
8854 24
8855 16
8856 17
8857 31
8858 5
8859 6
8860 18
8861 18
8862 26
8863 29
8864 21
8865 17
8866 32
8867 18
8868 7
8869 37
8870 17
8871 18
8872 7
8873 33
8874 19
8875 30
8876 2
8877 22
8878 2
8879 10
8880 9
8881 22
8882 23
8883 5
8884 22
8885 18
8886 2
8887 18
8888 10
8889 31
8890 27
8891 35
8892 7
8893 5
8894 1
8895 18
8896 6
8897 9
8898 18
8899 5
8900 5
8901 23
8902 17
8903 18
8904 18
8905 23
8906 6
8907 17
8908 17
8909 18
8910 36
8911 5
8912 7
8913 2
8914 28
8915 23
8916 34
8917 16
8918 18
8919 4
8920 27
8921 1
8922 18
8923 3
8924 2
8925 5
8926 18
8927 3
8928 6
8929 13
8930 7
8931 13
8932 18
8933 19
8934 2
8935 9
8936 10
8937 16
8938 4
8939 18
8940 18
8941 18
8942 4
8943 23
8944 7
8945 17
8946 16
8947 25
8948 35
8949 23
8950 16
8951 31
8952 16
8953 15
8954 2
8955 14
8956 19
8957 5
8958 27
8959 13
8960 5
8961 3
8962 4
8963 35
8964 7
8965 2
8966 18
8967 2
8968 10
8969 7
8970 4
8971 7
8972 9
8973 18
8974 18
8975 27
8976 6
8977 18
8978 16
8979 17
8980 7
8981 16
8982 4
8983 16
8984 5
8985 18
8986 2
8987 5
8988 21
8989 5
8990 7
8991 2
8992 10
8993 37
8994 18
8995 16
8996 18
8997 28
8998 9
8999 18
9000 10
9001 8
9002 18
9003 18
9004 5
9005 9
9006 1
9007 20
9008 3
9009 8
9010 1
9011 25
9012 27
9013 31
9014 1
9015 15
9016 2
9017 22
9018 2
9019 24
9020 8
9021 29
9022 5
9023 8
9024 7
9025 10
9026 8
9027 13
9028 23
9029 28
9030 17
9031 2
9032 16
9033 9
9034 13
9035 4
9036 4
9037 19
9038 4
9039 18
9040 1
9041 14
9042 4
9043 0
9044 18
9045 25
9046 4
9047 8
9048 6
9049 25
9050 5
9051 29
9052 33
9053 1
9054 5
9055 26
9056 2
9057 4
9058 10
9059 17
9060 6
9061 20
9062 17
9063 14
9064 10
9065 8
9066 4
9067 16
9068 0
9069 8
9070 13
9071 4
9072 0
9073 31
9074 23
9075 22
9076 5
9077 23
9078 25
9079 7
9080 37
9081 4
9082 29
9083 7
9084 18
9085 6
9086 18
9087 23
9088 17
9089 4
9090 5
9091 9
9092 13
9093 2
9094 2
9095 6
9096 23
9097 4
9098 16
9099 22
9100 28
9101 22
9102 9
9103 17
9104 4
9105 5
9106 1
9107 14
9108 9
9109 4
9110 19
9111 2
9112 22
9113 18
9114 0
9115 5
9116 14
9117 18
9118 6
9119 29
9120 18
9121 23
9122 28
9123 4
9124 5
9125 28
9126 21
9127 15
9128 24
9129 5
9130 2
9131 23
9132 3
9133 16
9134 35
9135 18
9136 18
9137 7
9138 18
9139 17
9140 2
9141 19
9142 10
9143 18
9144 20
9145 21
9146 25
9147 23
9148 28
9149 4
9150 15
9151 5
9152 16
9153 4
9154 28
9155 28
9156 5
9157 14
9158 18
9159 16
9160 5
9161 7
9162 27
9163 5
9164 22
9165 4
9166 21
9167 18
9168 6
9169 1
9170 4
9171 22
9172 5
9173 5
9174 7
9175 15
9176 6
9177 16
9178 9
9179 4
9180 0
9181 2
9182 16
9183 7
9184 23
9185 19
9186 28
9187 4
9188 18
9189 2
9190 13
9191 20
9192 4
9193 28
9194 23
9195 5
9196 18
9197 16
9198 5
9199 17
9200 6
9201 18
9202 2
9203 28
9204 35
9205 23
9206 22
9207 2
9208 3
9209 4
9210 17
9211 16
9212 28
9213 1
9214 23
9215 1
9216 4
9217 4
9218 5
9219 17
9220 4
9221 16
9222 2
9223 4
9224 3
9225 29
9226 28
9227 2
9228 6
9229 12
9230 14
9231 5
9232 3
9233 15
9234 5
9235 8
9236 5
9237 22
9238 7
9239 20
9240 5
9241 0
9242 20
9243 6
9244 22
9245 4
9246 18
9247 31
9248 22
9249 13
9250 6
9251 7
9252 2
9253 23
9254 28
9255 17
9256 28
9257 29
9258 22
9259 15
9260 17
9261 6
9262 18
9263 23
9264 15
9265 16
9266 6
9267 4
9268 7
9269 5
9270 6
9271 15
9272 16
9273 17
9274 18
9275 5
9276 24
9277 10
9278 6
9279 1
9280 5
9281 6
9282 17
9283 18
9284 2
9285 18
9286 17
9287 24
9288 14
9289 15
9290 24
9291 22
9292 16
9293 5
9294 35
9295 33
9296 0
9297 24
9298 7
9299 13
9300 28
9301 14
9302 10
9303 7
9304 2
9305 35
9306 29
9307 18
9308 7
9309 19
9310 17
9311 25
9312 15
9313 4
9314 28
9315 18
9316 6
9317 27
9318 20
9319 23
9320 23
9321 8
9322 10
9323 9
9324 17
9325 9
9326 6
9327 28
9328 18
9329 28
9330 6
9331 6
9332 1
9333 5
9334 28
9335 5
9336 18
9337 7
9338 9
9339 19
9340 19
9341 20
9342 10
9343 10
9344 23
9345 5
9346 22
9347 18
9348 29
9349 19
9350 16
9351 35
9352 35
9353 18
9354 28
9355 4
9356 15
9357 24
9358 18
9359 34
9360 23
9361 23
9362 6
9363 2
9364 6
9365 2
9366 24
9367 35
9368 17
9369 28
9370 27
9371 23
9372 35
9373 9
9374 18
9375 35
9376 5
9377 25
9378 18
9379 19
9380 30
9381 6
9382 10
9383 18
9384 32
9385 22
9386 16
9387 10
9388 18
9389 7
9390 4
9391 5
9392 5
9393 6
9394 16
9395 18
9396 15
9397 18
9398 23
9399 18
9400 16
9401 2
9402 9
9403 18
9404 10
9405 7
9406 18
9407 28
9408 10
9409 3
9410 7
9411 23
9412 4
9413 5
9414 1
9415 18
9416 35
9417 2
9418 28
9419 23
9420 17
9421 15
9422 6
9423 28
9424 4
9425 18
9426 2
9427 18
9428 4
9429 20
9430 25
9431 25
9432 25
9433 7
9434 9
9435 25
9436 31
9437 5
9438 16
9439 4
9440 5
9441 8
9442 7
9443 2
9444 18
9445 6
9446 27
9447 10
9448 5
9449 21
9450 9
9451 5
9452 28
9453 18
9454 7
9455 28
9456 2
9457 6
9458 36
9459 2
9460 25
9461 7
9462 1
9463 1
9464 28
9465 17
9466 17
9467 6
9468 13
9469 13
9470 3
9471 18
9472 18
9473 18
9474 1
9475 3
9476 4
9477 16
9478 18
9479 28
9480 18
9481 9
9482 5
9483 4
9484 18
9485 18
9486 5
9487 9
9488 2
9489 18
9490 5
9491 18
9492 15
9493 18
9494 4
9495 25
9496 15
9497 17
9498 4
9499 23
9500 4
9501 14
9502 4
9503 18
9504 36
9505 32
9506 7
9507 18
9508 20
9509 35
9510 0
9511 1
9512 14
9513 35
9514 13
9515 7
9516 18
9517 9
9518 6
9519 18
9520 22
9521 7
9522 23
9523 6
9524 25
9525 10
9526 23
9527 16
9528 10
9529 9
9530 10
9531 28
9532 5
9533 9
9534 2
9535 5
9536 20
9537 19
9538 7
9539 18
9540 18
9541 7
9542 7
9543 6
9544 35
9545 18
9546 28
9547 32
9548 9
9549 2
9550 7
9551 18
9552 15
9553 6
9554 5
9555 29
9556 20
9557 20
9558 1
9559 5
9560 7
9561 7
9562 18
9563 18
9564 31
9565 18
9566 13
9567 16
9568 5
9569 18
9570 0
9571 24
9572 6
9573 24
9574 18
9575 20
9576 20
9577 28
9578 4
9579 6
9580 10
9581 7
9582 5
9583 9
9584 1
9585 5
9586 18
9587 22
9588 4
9589 20
9590 18
9591 28
9592 20
9593 4
9594 1
9595 24
9596 16
9597 6
9598 6
9599 10
9600 28
9601 4
9602 9
9603 35
9604 2
9605 26
9606 9
9607 18
9608 18
9609 18
9610 7
9611 1
9612 15
9613 7
9614 7
9615 13
9616 0
9617 35
9618 13
9619 18
9620 28
9621 18
9622 23
9623 8
9624 27
9625 1
9626 1
9627 7
9628 6
9629 5
9630 31
9631 18
9632 25
9633 18
9634 18
9635 10
9636 13
9637 28
9638 36
9639 10
9640 6
9641 5
9642 16
9643 2
9644 5
9645 27
9646 2
9647 17
9648 16
9649 5
9650 28
9651 20
9652 5
9653 9
9654 9
9655 13
9656 1
9657 19
9658 18
9659 17
9660 2
9661 10
9662 35
9663 26
9664 2
9665 18
9666 18
9667 18
9668 4
9669 0
9670 25
9671 18
9672 4
9673 2
9674 21
9675 20
9676 28
9677 4
9678 15
9679 12
9680 23
9681 10
9682 4
9683 1
9684 2
9685 1
9686 5
9687 10
9688 28
9689 6
9690 24
9691 19
9692 5
9693 1
9694 10
9695 2
9696 29
9697 1
9698 9
9699 4
9700 18
9701 22
9702 5
9703 1
9704 18
9705 15
9706 0
9707 7
9708 1
9709 10
9710 18
9711 13
9712 16
9713 2
9714 9
9715 37
9716 22
9717 0
9718 2
9719 6
9720 17
9721 17
9722 18
9723 18
9724 28
9725 28
9726 0
9727 28
9728 2
9729 18
9730 12
9731 20
9732 24
9733 7
9734 4
9735 16
9736 18
9737 5
9738 23
9739 7
9740 18
9741 6
9742 6
9743 5
9744 0
9745 25
9746 0
9747 31
9748 9
9749 7
9750 36
9751 19
9752 7
9753 23
9754 24
9755 19
9756 7
9757 18
9758 16
9759 6
9760 6
9761 9
9762 18
9763 18
9764 8
9765 7
9766 13
9767 18
9768 35
9769 35
9770 18
9771 18
9772 5
9773 21
9774 23
9775 7
9776 15
9777 18
9778 11
9779 6
9780 18
9781 2
9782 5
9783 2
9784 4
9785 5
9786 18
9787 21
9788 24
9789 2
9790 18
9791 35
9792 4
9793 15
9794 8
9795 15
9796 4
9797 35
9798 5
9799 2
9800 8
9801 7
9802 32
9803 17
9804 0
9805 4
9806 3
9807 4
9808 7
9809 18
9810 10
9811 0
9812 2
9813 8
9814 18
9815 8
9816 7
9817 23
9818 18
9819 5
9820 9
9821 1
9822 2
9823 2
9824 4
9825 18
9826 2
9827 23
9828 15
9829 28
9830 10
9831 21
9832 2
9833 16
9834 5
9835 18
9836 5
9837 16
9838 13
9839 7
9840 16
9841 3
9842 13
9843 2
9844 1
9845 18
9846 28
9847 9
9848 23
9849 9
9850 26
9851 35
9852 5
9853 23
9854 21
9855 23
9856 20
9857 23
9858 7
9859 27
9860 35
9861 7
9862 20
9863 35
9864 7
9865 16
9866 29
9867 31
9868 18
9869 28
9870 7
9871 13
9872 28
9873 5
9874 6
9875 9
9876 10
9877 4
9878 5
9879 5
9880 31
9881 13
9882 7
9883 18
9884 18
9885 15
9886 19
9887 7
9888 19
9889 13
9890 3
9891 35
9892 16
9893 36
9894 18
9895 35
9896 21
9897 18
9898 29
9899 16
9900 2
9901 23
9902 28
9903 31
9904 35
9905 19
9906 5
9907 1
9908 5
9909 1
9910 17
9911 17
9912 18
9913 29
9914 0
9915 6
9916 0
9917 18
9918 18
9919 18
9920 2
9921 18
9922 24
9923 10
9924 5
9925 31
9926 18
9927 4
9928 25
9929 4
9930 2
9931 16
9932 18
9933 18
9934 1
9935 7
9936 20
9937 17
9938 18
9939 26
9940 1
9941 18
9942 8
9943 13
9944 18
9945 2
9946 23
9947 19
9948 1
9949 18
9950 31
9951 26
9952 16
9953 12
9954 7
9955 4
9956 18
9957 5
9958 5
9959 4
9960 1
9961 7
9962 20
9963 35
9964 7
9965 25
9966 18
9967 10
9968 4
9969 31
9970 3
9971 18
9972 4
9973 7
9974 5
9975 21
9976 7
9977 7
9978 18
9979 9
9980 4
9981 4
9982 7
9983 23
9984 3
9985 18
9986 18
9987 15
9988 7
9989 13
9990 1
9991 7
9992 33
9993 11
9994 27
9995 18
9996 7
9997 5
9998 7
9999 23
10000 7
10001 18
10002 18
10003 35
10004 18
10005 2
10006 20
10007 19
10008 2
10009 14
10010 1
10011 29
10012 5
10013 23
10014 16
10015 18
10016 16
10017 7
10018 7
10019 15
10020 2
10021 34
10022 1
10023 27
10024 23
10025 6
10026 5
10027 1
10028 18
10029 18
10030 8
10031 13
10032 25
10033 31
10034 1
10035 18
10036 19
10037 7
10038 16
10039 10
10040 7
10041 36
10042 5
10043 28
10044 17
10045 2
10046 13
10047 4
10048 18
10049 16
10050 6
10051 27
10052 1
10053 22
10054 31
10055 17
10056 8
10057 18
10058 13
10059 6
10060 35
10061 23
10062 14
10063 2
10064 28
10065 6
10066 7
10067 9
10068 2
10069 16
10070 5
10071 26
10072 5
10073 23
10074 23
10075 29
10076 19
10077 13
10078 19
10079 22
10080 31
10081 9
10082 4
10083 23
10084 30
10085 18
10086 17
10087 4
10088 36
10089 8
10090 35
10091 7
10092 9
10093 5
10094 28
10095 2
10096 34
10097 4
10098 29
10099 24
10100 6
10101 23
10102 14
10103 19
10104 21
10105 31
10106 18
10107 18
10108 31
10109 2
10110 23
10111 20
10112 7
10113 21
10114 2
10115 7
10116 4
10117 23
10118 18
10119 18
10120 1
10121 6
10122 18
10123 18
10124 29
10125 1
10126 2
10127 5
10128 1
10129 24
10130 3
10131 16
10132 7
10133 11
10134 13
10135 18
10136 5
10137 15
10138 13
10139 6
10140 4
10141 18
10142 0
10143 22
10144 28
10145 9
10146 22
10147 5
10148 31
10149 20
10150 4
10151 7
10152 22
10153 16
10154 4
10155 13
10156 8
10157 21
10158 5
10159 6
10160 18
10161 21
10162 2
10163 2
10164 28
10165 2
10166 24
10167 4
10168 7
10169 5
10170 13
10171 35
10172 7
10173 23
10174 10
10175 20
10176 2
10177 24
10178 18
10179 4
10180 2
10181 2
10182 23
10183 20
10184 4
10185 7
10186 1
10187 6
10188 6
10189 18
10190 5
10191 18
10192 5
10193 23
10194 19
10195 6
10196 22
10197 15
10198 3
10199 18
10200 9
10201 16
10202 23
10203 15
10204 28
10205 8
10206 20
10207 5
10208 17
10209 6
10210 5
10211 15
10212 18
10213 7
10214 5
10215 5
10216 23
10217 6
10218 35
10219 2
10220 16
10221 23
10222 5
10223 16
10224 19
10225 4
10226 18
10227 4
10228 3
10229 7
10230 20
10231 23
10232 25
10233 25
10234 8
10235 6
10236 15
10237 6
10238 20
10239 23
10240 6
10241 1
10242 2
10243 4
10244 18
10245 17
10246 35
10247 27
10248 2
10249 1
10250 13
10251 2
10252 23
10253 18
10254 23
10255 18
10256 18
10257 23
10258 1
10259 18
10260 2
10261 5
10262 7
10263 35
10264 7
10265 20
10266 18
10267 16
10268 17
10269 18
10270 21
10271 24
10272 5
10273 28
10274 6
10275 1
10276 23
10277 21
10278 18
10279 13
10280 35
10281 3
10282 5
10283 10
10284 9
10285 1
10286 7
10287 18
10288 2
10289 3
10290 1
10291 15
10292 1
10293 1
10294 22
10295 24
10296 5
10297 23
10298 28
10299 4
10300 19
10301 31
10302 4
10303 18
10304 7
10305 9
10306 23
10307 28
10308 7
10309 28
10310 36
10311 15
